.#####.#.# 10: {74,55,39,73,15,44,44,53,63,37} 9: [[0 1 2 3 6 7 8 9] [1 9] [0 1 3 7 8] [0 6 7 8] [5 6] [0 2 3 4 5 6 8] [1 2 3 4 7 8 9] [0 2 3 7 8] [0 1 3 5 9]]
====== original =====
[1 0 1 1 0 1 0 1 1 74]
[1 1 1 0 0 0 1 0 1 55]
[1 0 0 0 0 1 1 1 0 39]
[1 0 1 0 0 1 1 1 1 73]
[0 0 0 0 0 1 1 0 0 15]
[0 0 0 0 1 1 0 0 1 44]
[1 0 0 1 1 1 0 0 0 44]
[1 0 1 1 0 0 1 1 0 53]
[1 0 1 1 0 1 1 1 0 63]
[1 1 0 0 0 0 1 0 1 37]
====== rref =====
[1 0 0 0 0 0 0 0 0 10]
[0 1 0 0 0 0 0 0 0 6]
[0 0 1 0 0 0 0 0 0 18]
[0 0 0 1 0 0 0 0 0 6]
[0 0 0 0 1 0 0 0 0 18]
[0 0 0 0 0 1 0 0 0 10]
[0 0 0 0 0 0 1 0 0 5]
[0 0 0 0 0 0 0 1 0 14]
[0 0 0 0 0 0 0 0 1 16]
[0 0 0 0 0 0 0 0 0 0]
----------------------------------------

##.#..##. 9: {77,51,54,27,31,69,6,17,94} 11: [[0 2 3 5 7 8] [1 2 8] [2 6 8] [0 2 4 6 7 8] [0 1 8] [0 4 5 8] [1 3] [0 1 3 4 8] [0 2 5 8] [5] [0 1 2 3 5 7]]
====== original =====
[1 0 0 1 1 1 0 1 1 0 1 77]
[0 1 0 0 1 0 1 1 0 0 1 51]
[1 1 1 1 0 0 0 0 1 0 1 54]
[1 0 0 0 0 0 1 1 0 0 1 27]
[0 0 0 1 0 1 0 1 0 0 0 31]
[1 0 0 0 0 1 0 0 1 1 1 69]
[0 0 1 1 0 0 0 0 0 0 0 6]
[1 0 0 1 0 0 0 0 0 0 1 17]
[1 1 1 1 1 1 0 1 1 0 0 94]
====== rref =====
[1 0 0 0 0 0 0 0 0 0 0 10]
[0 1 0 0 0 0 0 0 0 0 0 18]
[0 0 1 0 0 0 0 0 0 0 -1 -1]
[0 0 0 1 0 0 0 0 0 0 1 7]
[0 0 0 0 1 0 0 0 0 0 0 16]
[0 0 0 0 0 1 0 0 0 1 0 39]
[0 0 0 0 0 0 1 0 0 1 2 32]
[0 0 0 0 0 0 0 1 0 -1 -1 -15]
[0 0 0 0 0 0 0 0 1 0 1 20]
----------------------------------------

..##.. 6: {16,32,69,39,20,16} 5: [[2 3] [0 1 2 3 5] [0 1 2 5] [2 3 4] [1 2]]
====== original =====
[0 1 1 0 0 16]
[0 1 1 0 1 32]
[1 1 1 1 1 69]
[1 1 0 1 0 39]
[0 0 0 1 0 20]
[0 1 1 0 0 16]
====== rref =====
[1 0 0 0 0 17]
[0 1 0 0 0 2]
[0 0 1 0 0 14]
[0 0 0 1 0 20]
[0 0 0 0 1 16]
[0 0 0 0 0 0]
----------------------------------------

#### 4: {35,33,37,37} 5: [[1 2 3] [0 1 2] [0 2 3] [2 3] [1 3]]
====== original =====
[0 1 1 0 0 35]
[1 1 0 0 1 33]
[1 1 1 1 0 37]
[1 0 1 1 1 37]
====== rref =====
[1 0 0 0 2 33]
[0 1 0 0 -1 0]
[0 0 1 0 1 35]
[0 0 0 1 -2 -31]
----------------------------------------

.#.#.#..# 9: {52,67,49,36,45,41,43,62,30} 7: [[1 3 5 8] [4 5 6 7 8] [0 1 2 4 6 8] [0 1 7] [0 1 2 3 4 5 7] [1 2 5 6] [3 7]]
====== original =====
[0 0 1 1 1 0 0 52]
[1 0 1 1 1 1 0 67]
[0 0 1 0 1 1 0 49]
[1 0 0 0 1 0 1 36]
[0 1 1 0 1 0 0 45]
[1 1 0 0 1 1 0 41]
[0 1 1 0 0 1 0 43]
[0 1 0 1 1 0 1 62]
[1 1 1 0 0 0 0 30]
====== rref =====
[1 0 0 0 0 0 0 1]
[0 1 0 0 0 0 0 10]
[0 0 1 0 0 0 0 19]
[0 0 0 1 0 0 0 17]
[0 0 0 0 1 0 0 16]
[0 0 0 0 0 1 0 14]
[0 0 0 0 0 0 1 19]
[0 0 0 0 0 0 0 0]
[0 0 0 0 0 0 0 0]
----------------------------------------

###..#..# 9: {191,70,31,66,57,53,226,222,61} 9: [[0 6 7] [2 4 5 6 7 8] [0 1 3 6 7 8] [1 2 3 5 7] [1 2 3 4 6 7] [1 3 4 5 6 8] [0 1 3 4 6 7 8] [4 5] [0 1 7]]
====== original =====
[1 0 1 0 0 0 1 0 1 191]
[0 0 1 1 1 1 1 0 1 70]
[0 1 0 1 1 0 0 0 0 31]
[0 0 1 1 1 1 1 0 0 66]
[0 1 0 0 1 1 1 1 0 57]
[0 1 0 1 0 1 0 1 0 53]
[1 1 1 0 1 1 1 0 0 226]
[1 1 1 1 1 0 1 0 1 222]
[0 1 1 0 0 1 1 0 0 61]
====== rref =====
[2 0 0 0 0 0 0 1 0 326]
[0 1 0 0 0 0 0 0 0 13]
[0 0 2 0 0 0 0 -3 0 12]
[0 0 0 2 0 0 0 1 0 32]
[0 0 0 0 2 0 0 -1 0 4]
[0 0 0 0 0 2 0 1 0 48]
[0 0 0 0 0 0 1 1 0 18]
[0 0 0 0 0 0 0 0 1 4]
[0 0 0 0 0 0 0 0 0 0]
----------------------------------------

##.### 6: {29,33,22,34,45,35} 7: [[3 4 5] [3] [0 3] [2] [0 1 2 4 5] [1 4] [0 5]]
====== original =====
[0 0 1 0 1 0 1 29]
[0 0 0 0 1 1 0 33]
[0 0 0 1 1 0 0 22]
[1 1 1 0 0 0 0 34]
[1 0 0 0 1 1 0 45]
[1 0 0 0 1 0 1 35]
====== rref =====
[1 0 0 0 0 0 0 12]
[0 1 0 0 0 0 0 16]
[0 0 1 0 0 0 0 6]
[0 0 0 1 0 0 -1 -1]
[0 0 0 0 1 0 1 23]
[0 0 0 0 0 1 -1 10]
----------------------------------------

.####### 8: {45,47,59,49,25,61,38,39} 7: [[1 2 4 5] [0 3] [0 3 5 7] [2 5 6] [0 1 2 3 4 5 7] [1 2 6] [1 3 6 7]]
====== original =====
[0 1 1 0 1 0 0 45]
[1 0 0 0 1 1 1 47]
[1 0 0 1 1 1 0 59]
[0 1 1 0 1 0 1 49]
[1 0 0 0 1 0 0 25]
[1 0 1 1 1 0 0 61]
[0 0 0 1 0 1 1 38]
[0 0 1 0 1 0 1 39]
====== rref =====
[1 0 0 0 0 0 0 10]
[0 1 0 0 0 0 0 10]
[0 0 1 0 0 0 0 20]
[0 0 0 1 0 0 0 16]
[0 0 0 0 1 0 0 15]
[0 0 0 0 0 1 0 18]
[0 0 0 0 0 0 1 4]
[0 0 0 0 0 0 0 0]
----------------------------------------

##.###. 7: {21,30,44,159,41,159,17} 6: [[1 3 5] [2 4] [2 3 5] [3 5] [0 1 2 3 4 5] [0 1 2 4 6]]
====== original =====
[0 0 0 0 1 1 21]
[1 0 0 0 1 1 30]
[0 1 1 0 1 1 44]
[1 0 1 1 1 0 159]
[0 1 0 0 1 1 41]
[1 0 1 1 1 0 159]
[0 0 0 0 0 1 17]
====== rref =====
[1 0 0 0 0 0 9]
[0 1 0 0 0 0 20]
[0 0 1 0 0 0 3]
[0 0 0 1 0 0 143]
[0 0 0 0 1 0 4]
[0 0 0 0 0 1 17]
[0 0 0 0 0 0 0]
----------------------------------------

###. 4: {10,206,201,214} 6: [[1 2 3] [0] [1 2] [1] [1 3] [2 3]]
====== original =====
[0 1 0 0 0 0 10]
[1 0 1 1 1 0 206]
[1 0 1 0 0 1 201]
[1 0 0 0 1 1 214]
====== rref =====
[1 0 0 0 1 1 214]
[0 1 0 0 0 0 10]
[0 0 1 0 -1 0 -13]
[0 0 0 1 1 -1 5]
----------------------------------------

...# 4: {17,31,37,32} 6: [[1 2] [2 3] [1 2 3] [1 3] [0 3] [0 2 3]]
====== original =====
[0 0 0 0 1 1 17]
[1 0 1 1 0 0 31]
[1 1 1 0 0 1 37]
[0 1 1 1 1 1 32]
====== rref =====
[1 0 0 -1 0 1 22]
[0 1 0 -1 0 1 6]
[0 0 1 2 0 -1 9]
[0 0 0 0 1 1 17]
----------------------------------------

#.###. 6: {39,35,20,31,36,35} 4: [[1 2 3 4 5] [0 2 3 4] [0 1 3 5] [0 1 4 5]]
====== original =====
[0 1 1 1 39]
[1 0 1 1 35]
[1 1 0 0 20]
[1 1 1 0 31]
[1 1 0 1 36]
[1 0 1 1 35]
====== rref =====
[1 0 0 0 8]
[0 1 0 0 12]
[0 0 1 0 11]
[0 0 0 1 16]
[0 0 0 0 0]
[0 0 0 0 0]
----------------------------------------

##.##..... 10: {79,44,43,71,37,21,28,61,55,60} 13: [[1 2 3 4 9] [0 7] [0 3 8 9] [0 2] [0 1 8] [1 2 9] [0 2 3 5 6 7 8] [0 1 3 4 6 7] [7] [0 2 3 4 5 6 7 8] [0 1 3 7 8 9] [0 1 2 3 4 5 8 9] [0 1 3 4 6 7 9]]
====== original =====
[0 1 1 1 1 0 1 1 0 1 1 1 1 79]
[1 0 0 0 1 1 0 1 0 0 1 1 1 44]
[1 0 0 1 0 1 1 0 0 1 0 1 0 43]
[1 0 1 0 0 0 1 1 0 1 1 1 1 71]
[1 0 0 0 0 0 0 1 0 1 0 1 1 37]
[0 0 0 0 0 0 1 0 0 1 0 1 0 21]
[0 0 0 0 0 0 1 1 0 1 0 0 1 28]
[0 1 0 0 0 0 1 1 1 1 1 0 1 61]
[0 0 1 0 1 0 1 0 0 1 1 1 0 55]
[1 0 1 0 0 1 0 0 0 0 1 1 1 60]
====== rref =====
[2 0 0 0 0 0 0 0 0 0 1 3 -1 29]
[0 2 0 0 0 0 0 0 0 0 1 5 1 53]
[0 0 2 0 0 0 0 0 0 0 1 -1 1 57]
[0 0 0 2 0 0 0 0 0 0 -1 -3 -1 -19]
[0 0 0 0 2 0 0 0 0 0 1 1 -1 11]
[0 0 0 0 0 1 0 0 0 0 0 0 1 17]
[0 0 0 0 0 0 2 0 0 0 1 1 -1 11]
[0 0 0 0 0 0 0 1 0 0 0 -1 1 7]
[0 0 0 0 0 0 0 0 2 0 1 -5 -1 13]
[0 0 0 0 0 0 0 0 0 2 -1 1 1 31]
----------------------------------------

####.#. 7: {47,59,69,61,39,41,68} 9: [[1 2 3] [6] [2 3 6] [0 6] [0 1 3 4 5 6] [0 1 2 5 6] [2 4] [3 4] [1 2 3 5 6]]
====== original =====
[0 0 0 1 1 1 0 0 0 47]
[1 0 0 0 1 1 0 0 1 59]
[1 0 1 0 0 1 1 0 1 69]
[1 0 1 0 1 0 0 1 1 61]
[0 0 0 0 1 0 1 1 0 39]
[0 0 0 0 1 1 0 0 1 41]
[0 1 1 1 1 1 0 0 1 68]
====== rref =====
[1 0 0 0 0 0 0 0 0 18]
[0 3 0 0 0 0 0 -1 1 6]
[0 0 3 0 0 0 0 1 2 57]
[0 0 0 1 0 0 0 0 -1 6]
[0 0 0 0 3 0 0 2 1 72]
[0 0 0 0 0 3 0 -2 2 51]
[0 0 0 0 0 0 3 1 -1 45]
----------------------------------------

.##.....# 9: {16,34,10,24,16,40,38,51,47} 7: [[0 1 2 3 5 6 7 8] [1 6 7 8] [5 7] [2 6 7] [1 2 3 4 5 6 8] [0 4 8] [1 3 5 6 7 8]]
====== original =====
[1 0 0 0 0 1 0 16]
[1 1 0 0 1 0 1 34]
[1 0 0 1 1 0 0 10]
[1 0 0 0 1 0 1 24]
[0 0 0 0 1 1 0 16]
[1 0 1 0 1 0 1 40]
[1 1 0 1 1 0 1 38]
[1 1 1 1 0 0 1 51]
[1 1 0 0 1 1 1 47]
====== rref =====
[1 0 0 0 0 0 0 3]
[0 1 0 0 0 0 0 10]
[0 0 1 0 0 0 0 16]
[0 0 0 1 0 0 0 4]
[0 0 0 0 1 0 0 3]
[0 0 0 0 0 1 0 13]
[0 0 0 0 0 0 1 18]
[0 0 0 0 0 0 0 0]
[0 0 0 0 0 0 0 0]
----------------------------------------

###.##.#.. 10: {62,28,51,69,82,57,53,65,86,59} 12: [[0 4 5 6 7 8 9] [3 9] [1 4 5 6 7 8] [0 4 6] [0 3 4 9] [0 1 2 3 4 6 7 8] [3 4 6 7 8] [0 2 9] [3 4 8] [0 2 3 4 5 7 8 9] [1 4 7] [0 2 3 5 6 8 9]]
====== original =====
[1 0 0 1 1 1 0 1 0 1 0 1 62]
[0 0 1 0 0 1 0 0 0 0 1 0 28]
[0 0 0 0 0 1 0 1 0 1 0 1 51]
[0 1 0 0 1 1 1 0 1 1 0 1 69]
[1 0 1 1 1 1 1 0 1 1 1 0 82]
[1 0 1 0 0 0 0 0 0 1 0 1 57]
[1 0 1 1 0 1 1 0 0 0 0 1 53]
[1 0 1 0 0 1 1 0 0 1 1 0 65]
[1 0 1 0 0 1 1 0 1 1 0 1 86]
[1 1 0 0 1 0 0 1 0 1 0 1 59]
====== rref =====
[1 0 0 0 0 0 0 0 0 0 -1 1 15]
[0 1 0 0 0 0 0 0 0 0 -2 3 32]
[0 0 2 0 0 0 0 0 0 0 3 -2 23]
[0 0 0 2 0 0 0 0 0 0 -3 4 37]
[0 0 0 0 2 0 0 0 0 0 5 -6 -45]
[0 0 0 0 0 2 0 0 0 0 -1 2 33]
[0 0 0 0 0 0 2 0 0 0 3 -4 -17]
[0 0 0 0 0 0 0 1 0 0 1 -1 4]
[0 0 0 0 0 0 0 0 1 0 -1 1 21]
[0 0 0 0 0 0 0 0 0 2 -1 2 61]
----------------------------------------

..#..# 6: {216,241,49,214,229,250} 8: [[0 1] [0 1 3 4 5] [1 3 5] [0 1 2 4] [4] [2 5] [3 4 5] [1 2 5]]
====== original =====
[1 1 0 1 0 0 0 0 216]
[1 1 1 1 0 0 0 1 241]
[0 0 0 1 0 1 0 1 49]
[0 1 1 0 0 0 1 0 214]
[0 1 0 1 1 0 1 0 229]
[0 1 1 0 0 1 1 1 250]
====== rref =====
[1 0 0 0 0 0 -1 1 14]
[0 1 0 0 0 0 1 -1 189]
[0 0 1 0 0 0 0 1 25]
[0 0 0 1 0 0 0 0 13]
[0 0 0 0 1 0 0 1 27]
[0 0 0 0 0 1 0 1 36]
----------------------------------------

##.##...#. 10: {82,120,74,61,77,81,55,74,61,24} 13: [[2 3 4 5] [0 1 3 5 6 7 8] [0 1 5] [1 2 5 7] [0 1 2 4] [0 1 2 3 4 5 6 7 8] [1 2 5 6 8 9] [1 2 3 4 5 7] [3 7] [0 1 3 4 7 8] [2 8 9] [0 1 4 7] [1 5 6]]
====== original =====
[0 1 1 0 1 1 0 0 0 1 0 1 0 82]
[0 1 1 1 1 1 1 1 0 1 0 1 1 120]
[1 0 0 1 1 1 1 1 0 0 1 0 0 74]
[1 1 0 0 0 1 0 1 1 1 0 0 0 61]
[1 0 0 0 1 1 0 1 0 1 0 1 0 77]
[1 1 1 1 0 1 1 1 0 0 0 0 1 81]
[0 1 0 0 0 1 1 0 0 0 0 0 1 55]
[0 1 0 1 0 1 0 1 1 1 0 1 0 74]
[0 1 0 0 0 1 1 0 0 1 1 0 0 61]
[0 0 0 0 0 0 1 0 0 0 1 0 0 24]
====== rref =====
[1 0 0 0 0 0 0 0 0 0 1 -2 -1 -34]
[0 1 0 0 0 0 0 0 0 0 -1 -3 1 -40]
[0 0 1 0 0 0 0 0 0 0 0 2 0 46]
[0 0 0 1 0 0 0 0 0 0 1 -1 -1 -21]
[0 0 0 0 1 0 0 0 0 0 0 -1 0 -1]
[0 0 0 0 0 1 0 0 0 0 0 3 0 71]
[0 0 0 0 0 0 1 0 0 0 1 0 0 24]
[0 0 0 0 0 0 0 1 0 0 -2 1 2 35]
[0 0 0 0 0 0 0 0 1 0 1 1 -1 23]
[0 0 0 0 0 0 0 0 0 1 1 0 -1 6]
----------------------------------------

##....#.## 10: {35,43,47,48,27,56,37,41,20,55} 12: [[0 1 2 3 5 7 8 9] [0 2 4 5 7] [1 2 3 6 7 8 9] [0 2] [0 2 4 5 7 9] [5 6 9] [1 2 3 8] [2 3 6 9] [0 1 3 4 7 9] [0 1 3 4 5 6 7 9] [1 3 4 7 8 9] [2 5]]
====== original =====
[1 1 0 1 1 0 0 0 1 1 0 0 35]
[1 0 1 0 0 0 1 0 1 1 1 0 43]
[1 1 1 1 1 0 1 1 0 0 0 1 47]
[1 0 1 0 0 0 1 1 1 1 1 0 48]
[0 1 0 0 1 0 0 0 1 1 1 0 27]
[1 1 0 0 1 1 0 0 0 1 0 1 56]
[0 0 1 0 0 1 0 1 0 1 0 0 37]
[1 1 1 0 1 0 0 0 1 1 1 0 41]
[1 0 1 0 0 0 1 0 0 0 1 0 20]
[1 0 1 0 1 1 0 1 1 1 1 0 55]
====== rref =====
[1 0 0 0 0 0 0 0 0 0 0 0 8]
[0 1 0 0 0 0 0 0 0 1 0 0 17]
[0 0 1 0 0 0 0 0 0 0 0 0 6]
[0 0 0 1 0 0 0 0 0 0 0 -1 -18]
[0 0 0 0 1 0 0 0 0 -1 0 1 5]
[0 0 0 0 0 1 0 0 0 1 0 0 26]
[0 0 0 0 0 0 1 0 0 0 0 1 24]
[0 0 0 0 0 0 0 1 0 0 0 0 5]
[0 0 0 0 0 0 0 0 1 1 0 0 23]
[0 0 0 0 0 0 0 0 0 0 1 -1 -18]
----------------------------------------

.##. 4: {18,194,194,18} 3: [[1 2] [1 2 3] [0 3]]
====== original =====
[0 0 1 18]
[1 1 0 194]
[1 1 0 194]
[0 1 1 18]
====== rref =====
[1 0 0 194]
[0 1 0 0]
[0 0 1 18]
[0 0 0 0]
----------------------------------------

##### 5: {60,56,27,43,14} 5: [[1 2 3] [0 1 2] [0 3] [0 1 3] [0 1 4]]
====== original =====
[0 1 1 1 1 60]
[1 1 0 1 1 56]
[1 1 0 0 0 27]
[1 0 1 1 0 43]
[0 0 0 0 1 14]
====== rref =====
[1 0 0 0 0 12]
[0 1 0 0 0 15]
[0 0 1 0 0 16]
[0 0 0 1 0 15]
[0 0 0 0 1 14]
----------------------------------------

.##..##. 8: {55,44,3,62,43,53,23,43} 8: [[0 3] [1 3 4 5 6 7] [0 3 4 5 7] [0 1 3 4] [0 2 3 5 6 7] [1 5] [0 3 4 6 7] [0 1]]
====== original =====
[1 0 1 1 1 0 1 1 55]
[0 1 0 1 0 1 0 1 44]
[0 0 0 0 1 0 0 0 3]
[1 1 1 1 1 0 1 0 62]
[0 1 1 1 0 0 1 0 43]
[0 1 1 0 1 1 0 0 53]
[0 1 0 0 1 0 1 0 23]
[0 1 1 0 1 0 1 0 43]
====== rref =====
[1 0 0 0 0 0 0 0 16]
[0 1 0 0 0 0 0 0 18]
[0 0 1 0 0 0 0 0 20]
[0 0 0 1 0 0 0 0 3]
[0 0 0 0 1 0 0 0 3]
[0 0 0 0 0 1 0 0 12]
[0 0 0 0 0 0 1 0 2]
[0 0 0 0 0 0 0 1 11]
----------------------------------------

#.#.# 5: {8,9,165,182,17} 3: [[1 3 4] [0 3 4] [2 3]]
====== original =====
[0 1 0 8]
[1 0 0 9]
[0 0 1 165]
[1 1 1 182]
[1 1 0 17]
====== rref =====
[1 0 0 9]
[0 1 0 8]
[0 0 1 165]
[0 0 0 0]
[0 0 0 0]
----------------------------------------

...## 5: {46,65,65,46,35} 7: [[0 2 4] [0 1 2] [1 2 4] [0 1 2 3] [1 3] [0 2] [3]]
====== original =====
[1 1 0 1 0 1 0 46]
[0 1 1 1 1 0 0 65]
[1 1 1 1 0 1 0 65]
[0 0 0 1 1 0 1 46]
[1 0 1 0 0 0 0 35]
====== rref =====
[1 0 0 0 0 0 0 16]
[0 1 0 0 0 0 -1 0]
[0 0 1 0 0 0 0 19]
[0 0 0 1 0 1 1 30]
[0 0 0 0 1 -1 0 16]
----------------------------------------

..##.#. 7: {31,31,149,35,50,151,134} 7: [[2 4 5 6] [0 4] [0 1 2 3] [0 1 2 3 4 5] [2 5 6] [3 4 5 6] [1 2 4 5 6]]
====== original =====
[0 1 1 1 0 0 0 31]
[0 0 1 1 0 0 1 31]
[1 0 1 1 1 0 1 149]
[0 0 1 1 0 1 0 35]
[1 1 0 1 0 1 1 50]
[1 0 0 1 1 1 1 151]
[1 0 0 0 1 1 1 134]
====== rref =====
[1 0 0 0 0 0 0 11]
[0 1 0 0 0 0 0 6]
[0 0 1 0 0 0 0 8]
[0 0 0 1 0 0 0 17]
[0 0 0 0 1 0 0 107]
[0 0 0 0 0 1 0 10]
[0 0 0 0 0 0 1 6]
----------------------------------------

###. 4: {14,17,17,3} 2: [[1 2 3] [0 1 2]]
====== original =====
[0 1 14]
[1 1 17]
[1 1 17]
[1 0 3]
====== rref =====
[1 0 3]
[0 1 14]
[0 0 0]
[0 0 0]
----------------------------------------

#...#.#.# 9: {75,40,48,48,21,37,30,45,64} 8: [[0 1 4 5 8] [0 6] [0 7] [0 2 3 6 8] [1 2 3 5 7 8] [0 4 5 8] [1 2 3 6] [0 1 2 3 7 8]]
====== original =====
[1 1 1 1 0 1 0 1 75]
[1 0 0 0 1 0 1 1 40]
[0 0 0 1 1 0 1 1 48]
[0 0 0 1 1 0 1 1 48]
[1 0 0 0 0 1 0 0 21]
[1 0 0 0 1 1 0 0 37]
[0 1 0 1 0 0 1 0 30]
[0 0 1 0 1 0 0 1 45]
[1 0 0 1 1 1 0 1 64]
====== rref =====
[1 0 0 0 0 0 0 1 19]
[0 1 0 0 0 0 0 -1 -2]
[0 0 1 0 0 0 0 1 29]
[0 0 0 1 0 0 0 1 27]
[0 0 0 0 1 0 0 0 16]
[0 0 0 0 0 1 0 -1 2]
[0 0 0 0 0 0 1 0 5]
[0 0 0 0 0 0 0 0 0]
[0 0 0 0 0 0 0 0 0]
----------------------------------------

#.#. 4: {4,1,4,1} 2: [[0 2] [1 3]]
====== original =====
[1 0 4]
[0 1 1]
[1 0 4]
[0 1 1]
====== rref =====
[1 0 4]
[0 1 1]
[0 0 0]
[0 0 0]
----------------------------------------

#..##.##.# 10: {16,33,41,28,25,35,25,20,22,41} 9: [[2 4] [3 4 6 9] [0 2 4 6 8 9] [0 1 7 9] [0 1 2 9] [3 5] [0 1 4 8 9] [3 4 7 8] [1 2 5 6 7 8 9]]
====== original =====
[0 0 1 1 1 0 1 0 0 16]
[0 0 0 1 1 0 1 0 1 33]
[1 0 1 0 1 0 0 0 1 41]
[0 1 0 0 0 1 0 1 0 28]
[1 1 1 0 0 0 1 1 0 25]
[0 0 0 0 0 1 0 0 1 35]
[0 1 1 0 0 0 0 0 1 25]
[0 0 0 1 0 0 0 1 1 20]
[0 0 1 0 0 0 1 1 1 22]
[0 1 1 1 1 0 1 0 1 41]
====== rref =====
[1 0 0 0 0 0 0 0 0 12]
[0 1 0 0 0 0 0 0 0 8]
[0 0 1 0 0 0 0 0 0 0]
[0 0 0 1 0 0 0 0 0 1]
[0 0 0 0 1 0 0 0 0 12]
[0 0 0 0 0 1 0 0 0 18]
[0 0 0 0 0 0 1 0 0 3]
[0 0 0 0 0 0 0 1 0 2]
[0 0 0 0 0 0 0 0 1 17]
[0 0 0 0 0 0 0 0 0 0]
----------------------------------------

...#..## 8: {52,78,19,63,53,33,15,15} 10: [[2 4 6] [2 3 4 5] [1 3 4] [0 1 7] [0 1 3 4 5] [0 2 3] [3] [0 1 2 3 5 6] [1 7] [0 1 4]]
====== original =====
[0 0 0 1 1 1 0 1 0 1 52]
[0 0 1 1 1 0 0 1 1 1 78]
[1 1 0 0 0 1 0 1 0 0 19]
[0 1 1 0 1 1 1 1 0 0 63]
[1 1 1 0 1 0 0 0 0 1 53]
[0 1 0 0 1 0 0 1 0 0 33]
[1 0 0 0 0 0 0 1 0 0 15]
[0 0 0 1 0 0 0 0 1 0 15]
====== rref =====
[4 0 0 0 0 0 0 0 -1 1 10]
[0 2 0 0 0 0 0 0 1 -1 0]
[0 0 2 0 0 0 0 0 1 1 60]
[0 0 0 1 0 0 0 0 1 0 15]
[0 0 0 0 4 0 0 0 -3 3 82]
[0 0 0 0 0 2 0 0 -1 1 8]
[0 0 0 0 0 0 1 0 0 -1 -4]
[0 0 0 0 0 0 0 4 1 -1 50]
----------------------------------------

#...##.# 8: {199,202,202,181,153,199,63,181} 7: [[0 1 2 5 7] [0 1 2 3 5 6] [0 1 2 3 4 5 7] [0 1 2 4 5 6 7] [1 2 6] [0 1 2 3 5 6 7] [0 3 5 7]]
====== original =====
[1 1 1 1 0 1 1 199]
[1 1 1 1 1 1 0 202]
[1 1 1 1 1 1 0 202]
[0 1 1 0 0 1 1 181]
[0 0 1 1 0 0 0 153]
[1 1 1 1 0 1 1 199]
[0 1 0 1 1 1 0 63]
[1 0 1 1 0 1 1 181]
====== rref =====
[1 0 0 0 0 0 0 2]
[0 1 0 0 0 0 0 18]
[0 0 1 0 0 0 0 137]
[0 0 0 1 0 0 0 16]
[0 0 0 0 1 0 -1 3]
[0 0 0 0 0 1 1 26]
[0 0 0 0 0 0 0 0]
[0 0 0 0 0 0 0 0]
----------------------------------------

#.#.#...## 10: {39,51,43,107,106,90,100,87,74,76} 10: [[1 2 4 5 6 8 9] [0 3 5 6 7 8] [3 4 5 6 7] [0 1 2 3 5 7 8 9] [2 3 4 8 9] [1 3 4 5 6 7 8 9] [0 2 3 4] [0 1 2 3 4 6 7] [1 3 4 5 6 7 9] [0 3 4 5 6 7 8 9]]
====== original =====
[0 1 0 1 0 0 1 1 0 1 39]
[1 0 0 1 0 1 0 1 1 0 51]
[1 0 0 1 1 0 1 1 0 0 43]
[0 1 1 1 1 1 1 1 1 1 107]
[1 0 1 0 1 1 1 1 1 1 106]
[1 1 1 1 0 1 0 0 1 1 90]
[1 1 1 0 0 1 0 1 1 1 100]
[0 1 1 1 0 1 0 1 1 1 87]
[1 1 0 1 1 1 0 0 0 1 74]
[1 0 0 1 1 1 0 0 1 1 76]
====== rref =====
[1 0 0 0 0 0 0 0 0 0 13]
[0 1 0 0 0 0 0 0 0 0 14]
[0 0 1 0 0 0 0 0 0 0 20]
[0 0 0 1 0 0 0 0 0 0 0]
[0 0 0 0 1 0 0 0 0 0 20]
[0 0 0 0 0 1 0 0 0 0 12]
[0 0 0 0 0 0 1 0 0 0 0]
[0 0 0 0 0 0 0 1 0 0 10]
[0 0 0 0 0 0 0 0 1 0 16]
[0 0 0 0 0 0 0 0 0 1 15]
----------------------------------------

...## 5: {22,45,14,19,26} 7: [[0 1 3 4] [1 3] [3] [0 1] [1 4] [4] [1 2]]
====== original =====
[1 0 0 1 0 0 0 22]
[1 1 0 1 1 0 1 45]
[0 0 0 0 0 0 1 14]
[1 1 1 0 0 0 0 19]
[1 0 0 0 1 1 0 26]
====== rref =====
[1 0 0 0 1 1 0 26]
[0 1 0 0 1 0 0 9]
[0 0 1 0 -2 -1 0 -16]
[0 0 0 1 -1 -1 0 -4]
[0 0 0 0 0 0 1 14]
----------------------------------------

.#...#.... 10: {74,40,52,61,44,33,32,22,47,31} 10: [[3 5] [0 1 2 3 4 8 9] [0 3 4 6 8] [3 7 8] [0 2 3 4 5 6 9] [0 1 2] [0 2 5 9] [0 2] [0 1 2 3 4 6 7 8] [0 1 3 4 5 6 7 8]]
====== original =====
[0 1 1 0 1 1 1 1 1 1 74]
[0 1 0 0 0 1 0 0 1 1 40]
[0 1 0 0 1 1 1 1 1 0 52]
[1 1 1 1 1 0 0 0 1 1 61]
[0 1 1 0 1 0 0 0 1 1 44]
[1 0 0 0 1 0 1 0 0 1 33]
[0 0 1 0 1 0 0 0 1 1 32]
[0 0 0 1 0 0 0 0 1 1 22]
[0 1 1 1 0 0 0 0 1 1 47]
[0 1 0 0 1 0 1 0 0 0 31]
====== rref =====
[1 0 0 0 0 0 0 0 0 0 5]
[0 1 0 0 0 0 0 0 0 0 12]
[0 0 1 0 0 0 0 0 0 0 13]
[0 0 0 1 0 0 0 0 0 0 12]
[0 0 0 0 1 0 0 0 0 0 9]
[0 0 0 0 0 1 0 0 0 0 18]
[0 0 0 0 0 0 1 0 0 0 10]
[0 0 0 0 0 0 0 1 0 0 2]
[0 0 0 0 0 0 0 0 1 0 1]
[0 0 0 0 0 0 0 0 0 1 9]
----------------------------------------

.###. 5: {25,30,32,42,29} 6: [[0 1 2 4] [1 3 4] [1 2 3] [0 2 3] [0 2 4] [1 3]]
====== original =====
[1 0 0 1 1 0 25]
[1 1 1 0 0 1 30]
[1 0 1 1 1 0 32]
[0 1 1 1 0 1 42]
[1 1 0 0 1 0 29]
====== rref =====
[2 0 0 0 0 1 7]
[0 2 0 0 0 1 39]
[0 0 1 0 0 0 7]
[0 0 0 2 0 1 31]
[0 0 0 0 1 -1 6]
----------------------------------------

#..... 6: {54,42,29,14,28,13} 6: [[0 3 4] [0 1 2] [4] [0 1 2 3] [0 1 2 4] [0 1 5]]
====== original =====
[1 1 0 1 1 1 54]
[0 1 0 1 1 1 42]
[0 1 0 1 1 0 29]
[1 0 0 1 0 0 14]
[1 0 1 0 1 0 28]
[0 0 0 0 0 1 13]
====== rref =====
[1 0 0 0 0 0 12]
[0 1 0 0 1 0 27]
[0 0 1 0 1 0 16]
[0 0 0 1 0 0 2]
[0 0 0 0 0 1 13]
[0 0 0 0 0 0 0]
----------------------------------------

.##.### 7: {190,194,18,183,181,24,198} 8: [[4] [0 5 6] [1 4] [0 1 3 4 6] [0 2 6] [3 6] [0 6] [1 2 3 5]]
====== original =====
[0 1 0 1 1 0 1 0 190]
[0 0 1 1 0 0 0 1 194]
[0 0 0 0 1 0 0 1 18]
[0 0 0 1 0 1 0 1 183]
[1 0 1 1 0 0 0 0 181]
[0 1 0 0 0 0 0 1 24]
[0 1 0 1 1 1 1 0 198]
====== rref =====
[1 0 0 0 0 0 0 -1 -13]
[0 1 0 0 0 0 0 1 24]
[0 0 1 0 0 0 0 0 19]
[0 0 0 1 0 0 0 1 175]
[0 0 0 0 1 0 0 1 18]
[0 0 0 0 0 1 0 0 8]
[0 0 0 0 0 0 1 -3 -27]
----------------------------------------

..#.###### 10: {51,46,30,28,24,24,16,43,34,30} 8: [[0 3 7] [1 6] [7] [0 1 2 7 9] [1 2 4 5 8 9] [0 8] [0 3 4 5 8] [0 1 2 3 7 9]]
====== original =====
[1 0 0 1 0 1 1 1 51]
[0 1 0 1 1 0 0 1 46]
[0 0 0 1 1 0 0 1 30]
[1 0 0 0 0 0 1 1 28]
[0 0 0 0 1 0 1 0 24]
[0 0 0 0 1 0 1 0 24]
[0 1 0 0 0 0 0 0 16]
[1 0 1 1 0 0 0 1 43]
[0 0 0 0 1 1 1 0 34]
[0 0 0 1 1 0 0 1 30]
====== rref =====
[1 0 0 0 0 0 0 2 21]
[0 1 0 0 0 0 0 0 16]
[0 0 1 0 0 0 0 -1 9]
[0 0 0 1 0 0 0 0 13]
[0 0 0 0 1 0 0 1 17]
[0 0 0 0 0 1 0 0 10]
[0 0 0 0 0 0 1 -1 7]
[0 0 0 0 0 0 0 0 0]
[0 0 0 0 0 0 0 0 0]
[0 0 0 0 0 0 0 0 0]
----------------------------------------

.#.#### 7: {20,21,50,0,4,16,29} 6: [[1 2 4 5] [2 5 6] [0 2 3 5 6] [0 2 6] [0 4 5] [1 2]]
====== original =====
[0 0 1 1 1 0 20]
[1 0 0 0 0 1 21]
[1 1 1 1 0 1 50]
[0 0 1 0 0 0 0]
[1 0 0 0 1 0 4]
[1 1 1 0 1 0 16]
[0 1 1 1 0 0 29]
====== rref =====
[1 0 0 0 0 0 1]
[0 1 0 0 0 0 12]
[0 0 1 0 0 0 0]
[0 0 0 1 0 0 17]
[0 0 0 0 1 0 3]
[0 0 0 0 0 1 20]
[0 0 0 0 0 0 0]
----------------------------------------

..#... 6: {41,42,20,25,34,47} 6: [[0 4] [2 3 4 5] [0 1 4 5] [1 2] [0 1 3 4 5] [0 5]]
====== original =====
[1 0 1 0 1 1 41]
[0 0 1 1 1 0 42]
[0 1 0 1 0 0 20]
[0 1 0 0 1 0 25]
[1 1 1 0 1 0 34]
[0 1 1 0 1 1 47]
====== rref =====
[1 0 0 0 0 0 0]
[0 1 0 0 0 0 6]
[0 0 1 0 0 0 9]
[0 0 0 1 0 0 14]
[0 0 0 0 1 0 19]
[0 0 0 0 0 1 13]
----------------------------------------

##### 5: {41,11,41,6,25} 4: [[0 2] [0 1 2 4] [0 2 4] [0 2 3 4]]
====== original =====
[1 1 1 1 41]
[0 1 0 0 11]
[1 1 1 1 41]
[0 0 0 1 6]
[0 1 1 1 25]
====== rref =====
[1 0 0 0 16]
[0 1 0 0 11]
[0 0 1 0 8]
[0 0 0 1 6]
[0 0 0 0 0]
----------------------------------------

##.#.. 6: {29,29,46,12,17,29} 4: [[1 2 5] [2 5] [0 1 3] [0 2 4]]
====== original =====
[0 0 1 1 29]
[1 0 1 0 29]
[1 1 0 1 46]
[0 0 1 0 12]
[0 0 0 1 17]
[1 1 0 0 29]
====== rref =====
[1 0 0 0 17]
[0 1 0 0 12]
[0 0 1 0 12]
[0 0 0 1 17]
[0 0 0 0 0]
[0 0 0 0 0]
----------------------------------------

#.#.###. 8: {42,66,87,84,49,63,27,85} 9: [[1 3 7] [2 3 4] [1 2 3 5 6 7] [1 2 3 5 7] [5] [0 1 2 4 5 7] [0 3 5 6] [0 3 4 6 7] [0 2 3 4 7]]
====== original =====
[0 0 0 0 0 1 1 1 1 42]
[1 0 1 1 0 1 0 0 0 66]
[0 1 1 1 0 1 0 0 1 87]
[1 1 1 1 0 0 1 1 1 84]
[0 1 0 0 0 1 0 1 1 49]
[0 0 1 1 1 1 1 0 0 63]
[0 0 1 0 0 0 1 1 0 27]
[1 0 1 1 0 1 0 1 1 85]
====== rref =====
[1 0 0 0 0 0 0 0 -1 -9]
[0 1 0 0 0 0 0 0 0 12]
[0 0 1 0 0 0 0 0 -1 3]
[0 0 0 1 0 0 0 0 2 54]
[0 0 0 0 1 0 0 0 -1 -17]
[0 0 0 0 0 1 0 0 0 18]
[0 0 0 0 0 0 1 0 0 5]
[0 0 0 0 0 0 0 1 1 19]
----------------------------------------

##.#.# 6: {18,6,40,39,30,21} 5: [[1 2 3] [3 4] [0 2 3 4 5] [3 5] [2]]
====== original =====
[0 0 1 0 0 18]
[1 0 0 0 0 6]
[1 0 1 0 1 40]
[1 1 1 1 0 39]
[0 1 1 0 0 30]
[0 0 1 1 0 21]
====== rref =====
[1 0 0 0 0 6]
[0 1 0 0 0 12]
[0 0 1 0 0 18]
[0 0 0 1 0 3]
[0 0 0 0 1 16]
[0 0 0 0 0 0]
----------------------------------------

####....## 10: {51,83,44,52,60,65,37,34,46,80} 8: [[1 3 6] [0 2 4 5 8 9] [1 3 4 5 7 9] [0 5 6 8] [0 1 2 4 5 6 8 9] [0 1 9] [0 2 3 5 7 8 9] [1 2 3 4 5 7 8 9]]
====== original =====
[0 1 0 1 1 1 1 0 51]
[1 0 1 0 1 1 0 1 83]
[0 1 0 0 1 0 1 1 44]
[1 0 1 0 0 0 1 1 52]
[0 1 1 0 1 0 0 1 60]
[0 1 1 1 1 0 1 1 65]
[1 0 0 1 1 0 0 0 37]
[0 0 1 0 0 0 1 1 34]
[0 1 0 1 1 0 1 1 46]
[0 1 1 0 1 1 1 1 80]
====== rref =====
[1 0 0 0 0 0 0 0 18]
[0 1 0 0 0 0 0 0 12]
[0 0 1 0 0 0 0 0 19]
[0 0 0 1 0 0 0 0 2]
[0 0 0 0 1 0 0 0 17]
[0 0 0 0 0 1 0 0 17]
[0 0 0 0 0 0 1 0 3]
[0 0 0 0 0 0 0 1 12]
[0 0 0 0 0 0 0 0 0]
[0 0 0 0 0 0 0 0 0]
----------------------------------------

..#. 4: {173,22,4,195} 3: [[1 3] [0 3] [1 2 3]]
====== original =====
[0 1 0 173]
[1 0 1 22]
[0 0 1 4]
[1 1 1 195]
====== rref =====
[1 0 0 18]
[0 1 0 173]
[0 0 1 4]
[0 0 0 0]
----------------------------------------

#.#.. 5: {33,29,17,44,21} 6: [[0 1 3] [0] [0 1 2] [3 4] [2 3 4] [1 2 3]]
====== original =====
[1 1 1 0 0 0 33]
[1 0 1 0 0 1 29]
[0 0 1 0 1 1 17]
[1 0 0 1 1 1 44]
[0 0 0 1 1 0 21]
====== rref =====
[1 0 0 0 0 1 23]
[0 1 0 0 0 -1 4]
[0 0 1 0 0 0 6]
[0 0 0 1 0 -1 10]
[0 0 0 0 1 1 11]
----------------------------------------

###.. 5: {150,10,10,23,139} 5: [[0 1 2] [1 2 3] [0 3] [0 4] [3 4]]
====== original =====
[1 0 1 1 0 150]
[1 1 0 0 0 10]
[1 1 0 0 0 10]
[0 1 1 0 1 23]
[0 0 0 1 1 139]
====== rref =====
[1 0 0 0 -1 -1]
[0 1 0 0 1 11]
[0 0 1 0 0 12]
[0 0 0 1 1 139]
[0 0 0 0 0 0]
----------------------------------------

###...#. 8: {29,60,92,60,34,44,34,76} 10: [[1 2 3 5] [3 5 7] [0 1 2 3 4 6 7] [0 2 3 4 5] [1 2 3] [2 4 7] [1 2 5 6 7] [5 7] [0 2 3 5 6 7] [1 2 7]]
====== original =====
[0 0 1 1 0 0 0 0 1 0 29]
[1 0 1 0 1 0 1 0 0 1 60]
[1 0 1 1 1 1 1 0 1 1 92]
[1 1 1 1 1 0 0 0 1 0 60]
[0 0 1 1 0 1 0 0 0 0 34]
[1 1 0 1 0 0 1 1 1 0 44]
[0 0 1 0 0 0 1 0 1 0 34]
[0 1 1 0 0 1 1 1 1 1 76]
====== rref =====
[1 0 0 0 0 0 0 0 -4 -1 -52]
[0 1 0 0 0 0 0 0 1 -1 5]
[0 0 1 0 0 0 0 0 -1 0 2]
[0 0 0 1 0 0 0 0 2 0 27]
[0 0 0 0 1 0 0 0 3 2 78]
[0 0 0 0 0 1 0 0 -1 0 5]
[0 0 0 0 0 0 1 0 2 0 32]
[0 0 0 0 0 0 0 1 0 2 32]
----------------------------------------

###.# 5: {19,37,43,6,43} 4: [[2 3 4] [1 3 4] [1 2 4] [0 1 2 4]]
====== original =====
[0 0 0 1 19]
[0 1 1 1 37]
[1 0 1 1 43]
[1 1 0 0 6]
[1 1 1 1 43]
====== rref =====
[1 0 0 0 6]
[0 1 0 0 0]
[0 0 1 0 18]
[0 0 0 1 19]
[0 0 0 0 0]
----------------------------------------

.### 4: {14,123,14,137} 3: [[1 3] [0 3] [2]]
====== original =====
[0 1 0 14]
[1 0 0 123]
[0 0 1 14]
[1 1 0 137]
====== rref =====
[1 0 0 123]
[0 1 0 14]
[0 0 1 14]
[0 0 0 0]
----------------------------------------

..#....#. 9: {30,22,45,67,61,41,27,51,47} 9: [[2 7] [4 5 6] [0 3] [3 5 7] [1 3 4 6 7 8] [1 4 7 8] [1 3 4 5 8] [2 3 4 8] [0 2 4 8]]
====== original =====
[0 0 1 0 0 0 0 0 1 30]
[0 0 0 0 1 1 1 0 0 22]
[1 0 0 0 0 0 0 1 1 45]
[0 0 1 1 1 0 1 1 0 67]
[0 1 0 0 1 1 1 1 1 61]
[0 1 0 1 0 0 1 0 0 41]
[0 1 0 0 1 0 0 0 0 27]
[1 0 0 1 1 1 0 0 0 51]
[0 0 0 0 1 1 1 1 1 47]
====== rref =====
[1 0 0 0 0 0 0 0 0 20]
[0 1 0 0 0 0 0 0 0 14]
[0 0 1 0 0 0 0 0 0 16]
[0 0 0 1 0 0 0 0 0 18]
[0 0 0 0 1 0 0 0 0 13]
[0 0 0 0 0 1 0 0 0 0]
[0 0 0 0 0 0 1 0 0 9]
[0 0 0 0 0 0 0 1 0 11]
[0 0 0 0 0 0 0 0 1 14]
----------------------------------------

.#.##.# 7: {32,49,52,40,17,43,80} 6: [[0 1 2 6] [3 6] [2 6] [0 1 3 5] [1 2 4 5 6] [3 5 6]]
====== original =====
[1 0 0 1 0 0 32]
[1 0 0 1 1 0 49]
[1 0 1 0 1 0 52]
[0 1 0 1 0 1 40]
[0 0 0 0 1 0 17]
[0 0 0 1 1 1 43]
[1 1 1 0 1 1 80]
====== rref =====
[1 0 0 0 0 0 20]
[0 1 0 0 0 0 14]
[0 0 1 0 0 0 15]
[0 0 0 1 0 0 12]
[0 0 0 0 1 0 17]
[0 0 0 0 0 1 14]
[0 0 0 0 0 0 0]
----------------------------------------

####.. 6: {7,4,20,14,24,7} 4: [[3 5] [0 2 3 4] [2 4] [1 3 4 5]]
====== original =====
[0 1 0 0 7]
[0 0 0 1 4]
[0 1 1 0 20]
[1 1 0 1 14]
[0 1 1 1 24]
[1 0 0 1 7]
====== rref =====
[1 0 0 0 3]
[0 1 0 0 7]
[0 0 1 0 13]
[0 0 0 1 4]
[0 0 0 0 0]
[0 0 0 0 0]
----------------------------------------

####.##.# 9: {56,88,61,68,91,79,64,45,87} 11: [[0 4 5] [0 1 2 3 5 6 7 8] [1 3 4 8] [2 4 5 7 8] [1 2 3 4 6 7] [3 4 6 7 8] [0 1 2 3 4 8] [1 2 4 5 6 7 8] [1 2 5 6 8] [0 2 4 5 6] [0 1 3 4 5 8]]
====== original =====
[1 1 0 0 0 0 1 0 0 1 1 56]
[0 1 1 0 1 0 1 1 1 0 1 88]
[0 1 0 1 1 0 1 1 1 1 0 61]
[0 1 1 0 1 1 1 0 0 0 1 68]
[1 0 1 1 1 1 1 1 0 1 1 91]
[1 1 0 1 0 0 0 1 1 1 1 79]
[0 1 0 0 1 1 0 1 1 1 0 64]
[0 1 0 1 1 1 0 1 0 0 0 45]
[0 1 1 1 0 1 1 1 1 0 1 87]
====== rref =====
[3 0 0 0 0 0 0 0 0 3 2 97]
[0 2 0 0 0 0 0 0 0 -1 1 37]
[0 0 1 0 0 0 0 0 0 -1 1 27]
[0 0 0 1 0 0 0 0 0 0 0 0]
[0 0 0 0 6 0 0 0 0 3 -1 55]
[0 0 0 0 0 6 0 0 0 3 -1 49]
[0 0 0 0 0 0 6 0 0 3 -1 31]
[0 0 0 0 0 0 0 6 0 -3 -1 55]
[0 0 0 0 0 0 0 0 1 1 0 19]
----------------------------------------

.#....## 8: {154,57,145,34,41,43,41,47} 10: [[2 7] [3] [1 4] [0 1 2 3 4 5 7] [1 6] [0 1 4 5 6 7] [0 1 3 4 5 7] [5 6] [0 2] [3 4 5 6]]
====== original =====
[0 0 0 1 0 1 1 0 1 0 154]
[0 0 1 1 1 1 1 0 0 0 57]
[1 0 0 1 0 0 0 0 1 0 145]
[0 1 0 1 0 0 1 0 0 1 34]
[0 0 1 1 0 1 1 0 0 1 41]
[0 0 0 1 0 1 1 1 0 1 43]
[0 0 0 0 1 1 0 1 0 1 41]
[1 0 0 1 0 1 1 0 0 0 47]
====== rref =====
[1 0 0 0 0 0 0 0 -1 0 -107]
[0 1 0 0 0 0 0 0 0 2 16]
[0 0 1 0 0 0 0 0 -1 1 -113]
[0 0 0 1 0 0 0 0 2 0 252]
[0 0 0 0 1 0 0 0 0 -1 16]
[0 0 0 0 0 1 0 0 1 1 136]
[0 0 0 0 0 0 1 0 -2 -1 -234]
[0 0 0 0 0 0 0 1 -1 1 -111]
----------------------------------------

#.#.#. 6: {48,18,36,24,33,36} 5: [[1 2 3] [3 4 5] [0 4 5] [0 2 3 5] [0 1 2 4]]
====== original =====
[0 0 1 1 1 48]
[1 0 0 0 1 18]
[1 0 0 1 1 36]
[1 1 0 1 0 24]
[0 1 1 0 1 33]
[0 1 1 1 0 36]
====== rref =====
[1 0 0 0 0 3]
[0 1 0 0 0 3]
[0 0 1 0 0 15]
[0 0 0 1 0 18]
[0 0 0 0 1 15]
[0 0 0 0 0 0]
----------------------------------------

#...##.. 8: {30,37,28,83,47,45,14,18} 9: [[3 5] [0 1 4] [2 3 7] [1 3 4 5 6] [2 4 6] [0 1 2 4 5 6 7] [1 3 4 5] [0 3 4] [1 2 3 5 6]]
====== original =====
[0 1 0 0 0 1 0 1 0 30]
[0 1 0 1 0 1 1 0 1 37]
[0 0 1 0 1 1 0 0 1 28]
[1 0 1 1 0 0 1 1 1 83]
[0 1 0 1 1 1 1 1 0 47]
[1 0 0 1 0 1 1 0 1 45]
[0 0 0 1 1 1 0 0 1 14]
[0 0 1 0 0 1 0 0 0 18]
====== rref =====
[1 0 0 0 0 0 0 0 3 48]
[0 1 0 0 0 0 0 0 3 40]
[0 0 1 0 0 0 0 0 1 28]
[0 0 0 1 0 0 0 0 1 14]
[0 0 0 0 1 0 0 0 1 10]
[0 0 0 0 0 1 0 0 -1 -10]
[0 0 0 0 0 0 1 0 -2 -7]
[0 0 0 0 0 0 0 1 -2 0]
----------------------------------------

##.##.. 7: {155,157,44,155,45,140,23} 9: [[2 4 6] [0 1 2 3 4] [6] [0 3 4 6] [4] [2] [1 2 5] [0 1 3 5] [2 6]]
====== original =====
[0 1 0 1 0 0 0 1 0 155]
[0 1 0 0 0 0 1 1 0 157]
[1 1 0 0 0 1 1 0 1 44]
[0 1 0 1 0 0 0 1 0 155]
[1 1 0 1 1 0 0 0 0 45]
[0 0 0 0 0 0 1 1 0 140]
[1 0 1 1 0 0 0 0 1 23]
====== rref =====
[1 0 0 0 0 1 0 -1 1 -113]
[0 1 0 0 0 0 0 0 0 17]
[0 0 1 0 0 -1 0 0 0 -2]
[0 0 0 1 0 0 0 1 0 138]
[0 0 0 0 1 -1 0 0 -1 3]
[0 0 0 0 0 0 1 1 0 140]
[0 0 0 0 0 0 0 0 0 0]
----------------------------------------

#.#...#.# 9: {60,7,50,63,65,73,82,27,43} 9: [[2 4 5 6 7 8] [3 4 5 6] [2 3 4 5 6 7 8] [0 1 2 3 4 5] [0 5 6] [0 1 3 4 6 7 8] [0 3] [0 2 3 5 6 7 8] [0 2 4 6 8]]
====== original =====
[0 0 0 1 1 1 1 1 1 60]
[0 0 0 1 0 1 0 0 0 7]
[1 0 1 1 0 0 0 1 1 50]
[0 1 1 1 0 1 1 1 0 63]
[1 1 1 1 0 1 0 0 1 65]
[1 1 1 1 1 0 0 1 0 73]
[1 1 1 0 1 1 0 1 1 82]
[1 0 1 0 0 1 0 1 0 27]
[1 0 1 0 0 1 0 1 1 43]
====== rref =====
[1 0 0 0 0 0 0 -1 0 -1]
[0 1 0 0 0 0 0 -1 0 15]
[0 0 1 0 0 0 0 2 0 28]
[0 0 0 1 0 0 0 0 0 7]
[0 0 0 0 1 0 0 1 0 24]
[0 0 0 0 0 1 0 0 0 0]
[0 0 0 0 0 0 1 0 0 13]
[0 0 0 0 0 0 0 0 1 16]
[0 0 0 0 0 0 0 0 0 0]
----------------------------------------

##.....##. 10: {69,83,238,251,80,189,59,241,253,61} 13: [[0 1 3 4 7 8 9] [0 2 3] [0 1 2 4 5 6 7 9] [0 1 7 8] [4 6] [0 3 5 9] [1 2 4 6 7 8] [1 8 9] [1 2 3 4 6 8 9] [3 4 7] [2 3 5 7 8] [1 2 3 5 6 8] [0 2 7 8 9]]
====== original =====
[1 1 1 1 0 1 0 0 0 0 0 0 1 69]
[1 0 1 1 0 0 1 1 1 0 0 1 0 83]
[0 1 1 0 0 0 1 0 1 0 1 1 1 238]
[1 1 0 0 0 1 0 0 1 1 1 1 0 251]
[1 0 1 0 1 0 1 0 1 1 0 0 0 80]
[0 0 1 0 0 1 0 0 0 0 1 1 0 189]
[0 0 1 0 1 0 1 0 1 0 0 1 0 59]
[1 0 1 1 0 0 1 0 0 1 1 0 1 241]
[1 0 0 1 0 0 1 1 1 0 1 1 1 253]
[1 0 1 0 0 1 0 1 1 0 0 0 1 61]
====== rref =====
[1 0 0 0 0 0 0 0 0 1 0 0 -2 12]
[0 1 0 0 0 0 0 0 0 -1 0 0 0 -3]
[0 0 1 0 0 0 0 0 0 0 -1 0 -1 -170]
[0 0 0 1 0 0 0 0 0 0 -1 0 1 -138]
[0 0 0 0 1 0 0 0 0 -1 -1 0 -1 -182]
[0 0 0 0 0 1 0 0 0 0 2 0 3 368]
[0 0 0 0 0 0 1 0 0 0 3 0 3 537]
[0 0 0 0 0 0 0 1 0 -2 0 0 0 -32]
[0 0 0 0 0 0 0 0 1 1 -1 0 1 -117]
[0 0 0 0 0 0 0 0 0 0 0 1 -2 -9]
----------------------------------------

..#.##.### 10: {28,31,65,44,28,42,40,46,50,41} 11: [[3 4 6 8] [0 1 2 3 5 7] [0 1 2 4 6 7 9] [4 6 9] [2 3 5 8] [2 7 8 9] [6 8] [1 4] [0 1 3 5 6 7 8] [2 3 4 5 6 9] [0 3 4 7 8 9]]
====== original =====
[0 1 1 0 0 0 0 0 1 0 1 28]
[0 1 1 0 0 0 0 1 1 0 0 31]
[0 1 1 0 1 1 0 0 0 1 0 65]
[1 1 0 0 1 0 0 0 1 1 1 44]
[1 0 1 1 0 0 0 1 0 1 1 28]
[0 1 0 0 1 0 0 0 1 1 0 42]
[1 0 1 1 0 0 1 0 1 1 0 40]
[0 1 1 0 0 1 0 0 1 0 1 46]
[1 0 0 0 1 1 1 0 1 0 1 50]
[0 0 1 1 0 1 0 0 0 1 1 41]
====== rref =====
[1 0 0 0 0 0 0 0 0 0 1 2]
[0 1 0 0 0 0 0 0 0 2 -5 31]
[0 0 1 0 0 0 0 0 0 -1 3 1]
[0 0 0 1 0 0 0 0 0 2 -2 22]
[0 0 0 0 1 0 0 0 0 0 2 15]
[0 0 0 0 0 1 0 0 0 0 0 18]
[0 0 0 0 0 0 1 0 0 1 -5 19]
[0 0 0 0 0 0 0 1 0 0 -1 3]
[0 0 0 0 0 0 0 0 1 -1 3 -4]
[0 0 0 0 0 0 0 0 0 0 0 0]
----------------------------------------

#..#.#.# 8: {5,7,34,44,29,13,29,27} 8: [[2 3 4 5 7] [0 1 2 3 5 6 7] [2 3 4] [3 6 7] [1 2 6 7] [4 6] [2 3] [0 1 3 4 6]]
====== original =====
[0 1 0 0 0 0 0 1 5]
[0 1 0 0 1 0 0 1 7]
[1 1 1 0 1 0 1 0 34]
[1 1 1 1 0 0 1 1 44]
[1 0 1 0 0 1 0 1 29]
[1 1 0 0 0 0 0 0 13]
[0 1 0 1 1 1 0 1 29]
[1 1 0 1 1 0 0 0 27]
====== rref =====
[1 0 0 0 0 0 0 0 8]
[0 1 0 0 0 0 0 0 5]
[0 0 1 0 0 0 0 0 11]
[0 0 0 1 0 0 0 0 12]
[0 0 0 0 1 0 0 0 2]
[0 0 0 0 0 1 0 0 10]
[0 0 0 0 0 0 1 0 8]
[0 0 0 0 0 0 0 1 0]
----------------------------------------

....## 6: {62,62,36,44,44,44} 5: [[0 1 2 4] [0 1 3] [0 1 3 4 5] [0 1 2 3 5] [4 5]]
====== original =====
[1 1 1 1 0 62]
[1 1 1 1 0 62]
[1 0 0 1 0 36]
[0 1 1 1 0 44]
[1 0 1 0 1 44]
[0 0 1 1 1 44]
====== rref =====
[1 0 0 0 0 18]
[0 1 0 0 -1 0]
[0 0 1 0 1 26]
[0 0 0 1 0 18]
[0 0 0 0 0 0]
[0 0 0 0 0 0]
----------------------------------------

#.#. 4: {13,20,30,43} 3: [[0 3] [1 2 3] [2 3]]
====== original =====
[1 0 0 13]
[0 1 0 20]
[0 1 1 30]
[1 1 1 43]
====== rref =====
[1 0 0 13]
[0 1 0 20]
[0 0 1 10]
[0 0 0 0]
----------------------------------------

##... 5: {13,16,18,18,21} 5: [[1 2] [1 2 4] [0 2 3] [1 2 3] [0 3 4]]
====== original =====
[0 0 1 0 1 13]
[1 1 0 1 0 16]
[1 1 1 1 0 18]
[0 0 1 1 1 18]
[0 1 0 0 1 21]
====== rref =====
[1 0 0 0 0 1]
[0 1 0 0 0 10]
[0 0 1 0 0 2]
[0 0 0 1 0 5]
[0 0 0 0 1 11]
----------------------------------------

####..#.# 9: {39,54,17,32,45,45,37,78,46} 9: [[0 1 3 4 6 7 8] [0 7] [5 7] [1 2 4 8] [1 4 7 8] [1 2 6 7 8] [0 1 3 7] [3 5 6] [0 1 2 4 5 6 7 8]]
====== original =====
[1 1 0 0 0 0 1 0 1 39]
[1 0 0 1 1 1 1 0 1 54]
[0 0 0 1 0 1 0 0 1 17]
[1 0 0 0 0 0 1 1 0 32]
[1 0 0 1 1 0 0 0 1 45]
[0 0 1 0 0 0 0 1 1 45]
[1 0 0 0 0 1 0 1 1 37]
[1 1 1 0 1 1 1 0 1 78]
[1 0 0 1 1 1 0 0 1 46]
====== rref =====
[1 0 0 0 0 0 0 1 0 24]
[0 1 0 0 0 0 0 -1 0 -5]
[0 0 1 0 0 0 0 1 0 33]
[0 0 0 1 0 0 0 0 0 4]
[0 0 0 0 1 0 0 -1 0 5]
[0 0 0 0 0 1 0 0 0 1]
[0 0 0 0 0 0 1 0 0 8]
[0 0 0 0 0 0 0 0 1 12]
[0 0 0 0 0 0 0 0 0 0]
----------------------------------------

...## 5: {28,36,33,43,23} 7: [[0 1 2 3] [1] [0 1] [4] [3 4] [2 4] [2 3]]
====== original =====
[1 0 1 0 0 0 0 28]
[1 1 1 0 0 0 0 36]
[1 0 0 0 0 1 1 33]
[1 0 0 0 1 0 1 43]
[0 0 0 1 1 1 0 23]
====== rref =====
[1 0 0 0 0 1 1 33]
[0 1 0 0 0 0 0 8]
[0 0 1 0 0 -1 -1 -5]
[0 0 0 1 0 2 0 13]
[0 0 0 0 1 -1 0 10]
----------------------------------------

.##...# 7: {57,42,28,53,40,35,13} 7: [[0 1 3] [1 2 3] [3 6] [0 2 3 4] [0 1 3 4 5] [0 1 5] [2 4]]
====== original =====
[1 0 0 1 1 1 0 57]
[1 1 0 0 1 1 0 42]
[0 1 0 1 0 0 1 28]
[1 1 1 1 1 0 0 53]
[0 0 0 1 1 0 1 40]
[0 0 0 0 1 1 0 35]
[0 0 1 0 0 0 0 13]
====== rref =====
[1 0 0 0 0 0 0 4]
[0 1 0 0 0 0 0 3]
[0 0 1 0 0 0 0 13]
[0 0 0 1 0 0 0 18]
[0 0 0 0 1 0 0 15]
[0 0 0 0 0 1 0 20]
[0 0 0 0 0 0 1 7]
----------------------------------------

.### 4: {5,4,9,9} 2: [[0 2 3] [1 2 3]]
====== original =====
[1 0 5]
[0 1 4]
[1 1 9]
[1 1 9]
====== rref =====
[1 0 5]
[0 1 4]
[0 0 0]
[0 0 0]
----------------------------------------

.####### 8: {208,221,32,15,221,40,226,48} 6: [[0 1 2 4 5 6 7] [0 1 4 6] [0 1 2 3 4 6 7] [2 5] [0 2 3 5 6 7] [1 4 5 6 7]]
====== original =====
[1 1 1 0 1 0 208]
[1 1 1 0 0 1 221]
[1 0 1 1 1 0 32]
[0 0 1 0 1 0 15]
[1 1 1 0 0 1 221]
[1 0 0 1 1 1 40]
[1 1 1 0 1 1 226]
[1 0 1 0 1 1 48]
====== rref =====
[1 0 0 0 0 0 15]
[0 1 0 0 0 0 178]
[0 0 1 0 0 0 10]
[0 0 0 1 0 0 2]
[0 0 0 0 1 0 5]
[0 0 0 0 0 1 18]
[0 0 0 0 0 0 0]
[0 0 0 0 0 0 0]
----------------------------------------

#.##...# 8: {35,140,25,127,24,119,37,35} 7: [[4 5 7] [1 2 3 4 6] [0 3 6 7] [0 1 2 3] [1 3 5] [0 1 2 6 7] [1 4 5]]
====== original =====
[0 0 1 1 0 1 0 35]
[0 1 0 1 1 1 1 140]
[0 1 0 1 0 1 0 25]
[0 1 1 1 1 0 0 127]
[1 1 0 0 0 0 1 24]
[1 0 0 0 1 0 1 119]
[0 1 1 0 0 1 0 37]
[1 0 1 0 0 1 0 35]
====== rref =====
[1 0 0 0 0 0 0 4]
[0 1 0 0 0 0 0 6]
[0 0 1 0 0 0 0 16]
[0 0 0 1 0 0 0 4]
[0 0 0 0 1 0 0 101]
[0 0 0 0 0 1 0 15]
[0 0 0 0 0 0 1 14]
[0 0 0 0 0 0 0 0]
----------------------------------------

..#.## 6: {151,140,13,157,142,164} 8: [[0 1 3 4 5] [5] [0 1 5] [0 1 3 5] [2 3 4 5] [1] [4 5] [0 3]]
====== original =====
[1 0 1 1 0 0 0 1 151]
[1 0 1 1 0 1 0 0 140]
[0 0 0 0 1 0 0 0 13]
[1 0 0 1 1 0 0 1 157]
[1 0 0 0 1 0 1 0 142]
[1 1 1 1 1 0 1 0 164]
====== rref =====
[1 0 0 0 0 0 1 0 129]
[0 1 0 0 0 0 1 -1 0]
[0 0 1 0 0 0 0 0 7]
[0 0 0 1 0 0 -1 1 15]
[0 0 0 0 1 0 0 0 13]
[0 0 0 0 0 1 0 -1 -11]
----------------------------------------

#..... 6: {24,27,23,1,39,37} 8: [[0 2 4 5] [1 4 5] [2 3 5] [2] [0 4] [1] [0 2 5] [5]]
====== original =====
[1 0 0 0 1 0 1 0 24]
[0 1 0 0 0 1 0 0 27]
[1 0 1 1 0 0 1 0 23]
[0 0 1 0 0 0 0 0 1]
[1 1 0 0 1 0 0 0 39]
[1 1 1 0 0 0 1 1 37]
====== rref =====
[1 0 0 0 0 0 2 1 21]
[0 1 0 0 0 0 -1 0 15]
[0 0 1 0 0 0 0 0 1]
[0 0 0 1 0 0 -1 -1 1]
[0 0 0 0 1 0 -1 -1 3]
[0 0 0 0 0 1 1 0 12]
----------------------------------------

..#.### 7: {213,28,54,188,26,39,43} 9: [[2 5] [0 2 6] [0 2 3 4 5 6] [0 3] [2 3 4 5 6] [1 2 4 5 6] [2 4 5] [0 1 5 6] [1 2 3 4]]
====== original =====
[0 1 1 1 0 0 0 1 0 213]
[0 0 0 0 0 1 0 1 1 28]
[1 1 1 0 1 1 1 0 1 54]
[0 0 1 1 1 0 0 0 1 188]
[0 0 1 0 1 1 1 0 1 26]
[1 0 1 0 1 1 1 1 0 39]
[0 1 1 0 1 1 0 1 0 43]
====== rref =====
[1 0 0 0 0 0 0 1 -1 13]
[0 1 0 0 0 0 0 -1 1 15]
[0 0 1 0 0 0 0 3 -4 10]
[0 0 0 1 0 0 0 -1 3 188]
[0 0 0 0 1 0 0 -2 2 -10]
[0 0 0 0 0 1 0 1 1 28]
[0 0 0 0 0 0 1 -2 2 -2]
----------------------------------------

#.##. 5: {13,38,25,29,22} 3: [[0 1 3 4] [1 2 4] [1 2 3]]
====== original =====
[1 0 0 13]
[1 1 1 38]
[0 1 1 25]
[1 0 1 29]
[1 1 0 22]
====== rref =====
[1 0 0 13]
[0 1 0 9]
[0 0 1 16]
[0 0 0 0]
[0 0 0 0]
----------------------------------------

....#.# 7: {16,70,34,48,35,51,33} 8: [[0 1 3 5 6] [1 2 3] [1 5 6] [3] [0 2 3 4 6] [2 4] [1 4 5] [0 1 2 4 5 6]]
====== original =====
[1 0 0 0 1 0 0 1 16]
[1 1 1 0 0 0 1 1 70]
[0 1 0 0 1 1 0 1 34]
[1 1 0 1 1 0 0 0 48]
[0 0 0 0 1 1 1 1 35]
[1 0 1 0 0 0 1 1 51]
[1 0 1 0 1 0 0 1 33]
====== rref =====
[1 0 0 0 0 0 0 1 14]
[0 1 0 0 0 0 0 0 19]
[0 0 1 0 0 0 0 0 17]
[0 0 0 1 0 0 0 -1 13]
[0 0 0 0 1 0 0 0 2]
[0 0 0 0 0 1 0 1 13]
[0 0 0 0 0 0 1 0 20]
----------------------------------------

..#.### 7: {38,24,12,11,20,18,26} 8: [[0 1 4] [0 2] [0 3] [3 5 6] [1 6] [5 6] [0 3 6] [0 5 6]]
====== original =====
[1 1 1 0 0 0 1 1 38]
[1 0 0 0 1 0 0 0 24]
[0 1 0 0 0 0 0 0 12]
[0 0 1 1 0 0 1 0 11]
[1 0 0 0 0 0 0 0 20]
[0 0 0 1 0 1 0 1 18]
[0 0 0 1 1 1 1 1 26]
====== rref =====
[1 0 0 0 0 0 0 0 20]
[0 1 0 0 0 0 0 0 12]
[0 0 1 0 0 0 0 1 2]
[0 0 0 1 0 0 0 -1 5]
[0 0 0 0 1 0 0 0 4]
[0 0 0 0 0 1 0 2 13]
[0 0 0 0 0 0 1 0 4]
----------------------------------------

#.###.. 7: {10,22,32,5,32,19,26} 5: [[0 1 4 5 6] [0 1 2 4] [1 2 6] [1 3 4] [2 4 5 6]]
====== original =====
[1 1 0 0 0 10]
[1 1 1 1 0 22]
[0 1 1 0 1 32]
[0 0 0 1 0 5]
[1 1 0 1 1 32]
[1 0 0 0 1 19]
[1 0 1 0 1 26]
====== rref =====
[1 0 0 0 0 2]
[0 1 0 0 0 8]
[0 0 1 0 0 7]
[0 0 0 1 0 5]
[0 0 0 0 1 17]
[0 0 0 0 0 0]
[0 0 0 0 0 0]
----------------------------------------

....#### 8: {39,23,19,19,23,12,31,20} 6: [[0 5 7] [0 2 3 4 6 7] [1 6 7] [0 2 3] [1 4 6] [0 1 6]]
====== original =====
[1 1 0 1 0 1 39]
[0 0 1 0 1 1 23]
[0 1 0 1 0 0 19]
[0 1 0 1 0 0 19]
[0 1 0 0 1 0 23]
[1 0 0 0 0 0 12]
[0 1 1 0 1 1 31]
[1 1 1 0 0 0 20]
====== rref =====
[1 0 0 0 0 0 12]
[0 1 0 0 0 0 8]
[0 0 1 0 0 0 0]
[0 0 0 1 0 0 11]
[0 0 0 0 1 0 15]
[0 0 0 0 0 1 8]
[0 0 0 0 0 0 0]
[0 0 0 0 0 0 0]
----------------------------------------

#.###.# 7: {145,15,141,148,5,146,156} 5: [[0 3] [1 3 4 5 6] [0 2 3 5 6] [1 6] [0 3 4 5]]
====== original =====
[1 0 1 0 1 145]
[0 1 0 1 0 15]
[0 0 1 0 0 141]
[1 1 1 0 1 148]
[0 1 0 0 1 5]
[0 1 1 0 1 146]
[0 1 1 1 0 156]
====== rref =====
[1 0 0 0 0 2]
[0 1 0 0 0 3]
[0 0 1 0 0 141]
[0 0 0 1 0 12]
[0 0 0 0 1 2]
[0 0 0 0 0 0]
[0 0 0 0 0 0]
----------------------------------------

#.## 4: {20,9,46,35} 5: [[0 3] [1 2 3] [2] [0 2 3] [2 3]]
====== original =====
[1 0 0 1 0 20]
[0 1 0 0 0 9]
[0 1 1 1 1 46]
[1 1 0 1 1 35]
====== rref =====
[1 0 0 1 0 20]
[0 1 0 0 0 9]
[0 0 1 1 0 31]
[0 0 0 0 1 6]
----------------------------------------

####..#.. 9: {152,33,50,170,149,166,159,184,149} 8: [[1 5 6 7] [0 3 4 5 6 7 8] [0 1 4 5 6] [3 4 6 7] [0 1 3] [2 3 7 8] [0 2 3 4 5 6 7 8] [2 5 7]]
====== original =====
[0 1 1 0 1 0 1 0 152]
[1 0 1 0 1 0 0 0 33]
[0 0 0 0 0 1 1 1 50]
[0 1 0 1 1 1 1 0 170]
[0 1 1 1 0 0 1 0 149]
[1 1 1 0 0 0 1 1 166]
[1 1 1 1 0 0 1 0 159]
[1 1 0 1 0 1 1 1 184]
[0 1 0 0 0 1 1 0 149]
====== rref =====
[1 0 0 0 0 0 0 0 10]
[0 1 0 0 0 0 0 0 115]
[0 0 1 0 0 0 0 0 11]
[0 0 0 1 0 0 0 0 9]
[0 0 0 0 1 0 0 0 12]
[0 0 0 0 0 1 0 0 20]
[0 0 0 0 0 0 1 0 14]
[0 0 0 0 0 0 0 1 16]
[0 0 0 0 0 0 0 0 0]
----------------------------------------

###.#..#.. 10: {41,80,16,33,13,49,72,56,55,69} 10: [[0 4 5 6 7 8 9] [0 1 2 4 5 7 8 9] [1 7 9] [0 1 2 6 9] [2 3 8 9] [1 5 6] [1 6 8 9] [0 1 3 5 6 7 8 9] [0 1 2 3 4 6 7 8] [1 3 5 6 7 8]]
====== original =====
[1 1 0 1 0 0 0 1 1 0 41]
[0 1 1 1 0 1 1 1 1 1 80]
[0 1 0 1 1 0 0 0 1 0 16]
[0 0 0 0 1 0 0 1 1 1 33]
[1 1 0 0 0 0 0 0 1 0 13]
[1 1 0 0 0 1 0 1 0 1 49]
[1 0 0 1 0 1 1 1 1 1 72]
[1 1 1 0 0 0 0 1 1 1 56]
[1 1 0 0 1 0 1 1 1 1 55]
[1 1 1 1 1 0 1 1 0 0 69]
====== rref =====
[1 0 0 0 0 0 0 0 0 0 9]
[0 1 0 0 0 0 0 0 0 0 1]
[0 0 1 0 0 0 0 0 0 0 16]
[0 0 0 1 0 0 0 0 0 0 9]
[0 0 0 0 1 0 0 0 0 0 3]
[0 0 0 0 0 1 0 0 0 0 12]
[0 0 0 0 0 0 1 0 0 0 12]
[0 0 0 0 0 0 0 1 0 0 19]
[0 0 0 0 0 0 0 0 1 0 3]
[0 0 0 0 0 0 0 0 0 1 8]
----------------------------------------

###.## 6: {35,22,50,28,206,50} 6: [[1 2 4 5] [4] [0 2 3 5] [2 3] [1 2 4] [0 4 5]]
====== original =====
[0 0 1 0 0 1 35]
[1 0 0 0 1 0 22]
[1 0 1 1 1 0 50]
[0 0 1 1 0 0 28]
[1 1 0 0 1 1 206]
[1 0 1 0 0 1 50]
====== rref =====
[1 0 0 0 0 0 15]
[0 1 0 0 0 1 184]
[0 0 1 0 0 1 35]
[0 0 0 1 0 -1 -7]
[0 0 0 0 1 0 7]
[0 0 0 0 0 0 0]
----------------------------------------

...##...# 9: {10,24,13,27,27,17,18,36,39} 8: [[1 2 3 4 6 7 8] [1 3 4 7 8] [0 2 3 4 5 8] [0 2 3 4 5 6 8] [0 1 3 4 5] [7 8] [0 1 2 3 4 5 6] [1 3 4 5 6 7 8]]
====== original =====
[0 0 1 1 1 0 1 0 10]
[1 1 0 0 1 0 1 1 24]
[1 0 1 1 0 0 1 0 13]
[1 1 1 1 1 0 1 1 27]
[1 1 1 1 1 0 1 1 27]
[0 0 1 1 1 0 1 1 17]
[1 0 0 1 0 0 1 1 18]
[1 1 0 0 0 1 0 1 36]
[1 1 1 1 0 1 0 1 39]
====== rref =====
[1 0 0 0 0 0 1 0 10]
[0 1 0 0 0 0 -1 0 0]
[0 0 1 0 0 0 0 0 2]
[0 0 0 1 0 0 0 0 1]
[0 0 0 0 1 0 1 0 7]
[0 0 0 0 0 1 0 0 19]
[0 0 0 0 0 0 0 1 7]
[0 0 0 0 0 0 0 0 0]
[0 0 0 0 0 0 0 0 0]
----------------------------------------

.#.#### 7: {40,45,37,57,15,27,44} 7: [[0 3 4 5 6] [1 4] [1 2 3 6] [0 1 4 5 6] [1 2 3 4 5 6] [0 3] [0 1 2 3 5 6]]
====== original =====
[1 0 0 1 0 1 1 40]
[0 1 1 1 1 0 1 45]
[0 0 1 0 1 0 1 37]
[1 0 1 0 1 1 1 57]
[1 1 0 1 1 0 0 15]
[1 0 0 1 1 0 1 27]
[1 0 1 1 1 0 1 44]
====== rref =====
[1 0 0 0 0 0 -1 -13]
[0 1 0 0 0 0 -1 -12]
[0 0 1 0 0 0 0 17]
[0 0 0 1 0 0 1 20]
[0 0 0 0 1 0 1 20]
[0 0 0 0 0 1 1 33]
[0 0 0 0 0 0 0 0]
----------------------------------------

####.##### 10: {50,59,52,60,44,52,65,50,52,34} 12: [[0 2 5 6 7 9] [2 3 5 7 8] [0 1 8 9] [0 2 4 8] [0 1 2 4 5 7] [6] [2 4 5 6 7] [1 3 6 8] [0 1 2 3 4 5 6 8 9] [3 7] [0 2 3 5 6 7 8 9] [4 7 8 9]]
====== original =====
[1 0 1 1 1 0 0 0 1 0 1 0 50]
[0 0 1 0 1 0 0 1 1 0 0 0 59]
[1 1 0 1 1 0 1 0 1 0 1 0 52]
[0 1 0 0 0 0 0 1 1 1 1 0 60]
[0 0 0 1 1 0 1 0 1 0 0 1 44]
[1 1 0 0 1 0 1 0 1 0 1 0 52]
[1 0 0 0 0 1 1 1 1 0 1 0 65]
[1 1 0 0 1 0 1 0 0 1 1 1 50]
[0 1 1 1 0 0 0 1 1 0 1 1 52]
[1 0 1 0 0 0 0 0 1 0 1 1 34]
====== rref =====
[1 0 0 0 0 0 0 0 0 0 0 -1 -1]
[0 1 0 0 0 0 0 0 0 0 1 0 9]
[0 0 2 0 0 0 0 0 0 0 1 4 25]
[0 0 0 1 0 0 0 0 0 0 0 0 0]
[0 0 0 0 1 0 0 0 0 0 0 -1 16]
[0 0 0 0 0 1 0 0 0 0 2 0 30]
[0 0 0 0 0 0 2 0 0 0 -1 4 11]
[0 0 0 0 0 0 0 1 0 0 -1 -1 8]
[0 0 0 0 0 0 0 0 2 0 1 0 45]
[0 0 0 0 0 0 0 0 0 2 1 2 41]
----------------------------------------

##....# 7: {28,13,4,50,23,41,19} 5: [[0 3 5] [0 5 6] [3 4] [0 2 4 5] [1 3 5 6]]
====== original =====
[1 1 0 1 0 28]
[0 0 0 0 1 13]
[0 0 0 1 0 4]
[1 0 1 0 1 50]
[0 0 1 1 0 23]
[1 1 0 1 1 41]
[0 1 0 0 1 19]
====== rref =====
[1 0 0 0 0 18]
[0 1 0 0 0 6]
[0 0 1 0 0 19]
[0 0 0 1 0 4]
[0 0 0 0 1 13]
[0 0 0 0 0 0]
[0 0 0 0 0 0]
----------------------------------------

###.#. 6: {38,5,53,33,36,40} 7: [[0 2 3 5] [0 1 2 4] [2 3 4] [2 5] [0 4 5] [1] [0 2]]
====== original =====
[1 1 0 0 1 0 1 38]
[0 1 0 0 0 1 0 5]
[1 1 1 1 0 0 1 53]
[1 0 1 0 0 0 0 33]
[0 1 1 0 1 0 0 36]
[1 0 0 1 1 0 0 40]
====== rref =====
[2 0 0 0 0 0 1 35]
[0 1 0 0 0 0 1 9]
[0 0 2 0 0 0 -1 31]
[0 0 0 1 0 0 0 11]
[0 0 0 0 2 0 -1 23]
[0 0 0 0 0 1 -1 -4]
----------------------------------------

...# 4: {21,41,36,25} 4: [[0 1 2] [3] [0 1 3] [1 2]]
====== original =====
[1 0 1 0 21]
[1 0 1 1 41]
[1 0 0 1 36]
[0 1 1 0 25]
====== rref =====
[1 0 0 0 16]
[0 1 0 0 20]
[0 0 1 0 5]
[0 0 0 1 20]
----------------------------------------

##.#.#.##. 10: {21,34,56,39,58,40,27,27,54,37} 9: [[2 7] [0 1 2 3 4 6 7 8] [3 5 6 7 9] [0 4 9] [1 3 4 5] [2 8] [1 2 3 4 6 8 9] [0 1 3 4 5 6 7 8] [2 4 5 8 9]]
====== original =====
[0 1 0 1 0 0 0 1 0 21]
[0 1 0 0 1 0 1 1 0 34]
[1 1 0 0 0 1 1 0 1 56]
[0 1 1 0 1 0 1 1 0 39]
[0 1 0 1 1 0 1 1 1 58]
[0 0 1 0 1 0 0 1 1 40]
[0 1 1 0 0 0 1 1 0 27]
[1 1 1 0 0 0 0 1 0 27]
[0 1 0 0 0 1 1 1 1 54]
[0 0 1 1 0 0 1 0 1 37]
====== rref =====
[1 0 0 0 0 0 0 0 0 8]
[0 1 0 0 0 0 0 0 0 8]
[0 0 1 0 0 0 0 0 0 5]
[0 0 0 1 0 0 0 0 0 7]
[0 0 0 0 1 0 0 0 0 12]
[0 0 0 0 0 1 0 0 0 15]
[0 0 0 0 0 0 1 0 0 8]
[0 0 0 0 0 0 0 1 0 6]
[0 0 0 0 0 0 0 0 1 17]
[0 0 0 0 0 0 0 0 0 0]
----------------------------------------

#.#. 4: {28,19,53,22} 4: [[0 2] [1 2] [0 3] [2 3]]
====== original =====
[1 0 1 0 28]
[0 1 0 0 19]
[1 1 0 1 53]
[0 0 1 1 22]
====== rref =====
[1 0 0 0 20]
[0 1 0 0 19]
[0 0 1 0 8]
[0 0 0 1 14]
----------------------------------------

###..#### 9: {87,56,75,74,51,37,75,79,101} 10: [[0 3 5 6 7 8] [0 1 2 3 4 6] [1 8] [0 2 3 6 8] [0 2 3 4 7 8] [4 7 8] [0 1 2 4 6 7 8] [5 6] [2 3 4 5 6 7 8] [0 1 2 3 7 8]]
====== original =====
[1 1 0 1 1 0 1 0 0 1 87]
[0 1 1 0 0 0 1 0 0 1 56]
[0 1 0 1 1 0 1 0 1 1 75]
[1 1 0 1 1 0 0 0 1 1 74]
[0 1 0 0 1 1 1 0 1 0 51]
[1 0 0 0 0 0 0 1 1 0 37]
[1 1 0 1 0 0 1 1 1 0 75]
[1 0 0 0 1 1 1 0 1 1 79]
[1 0 1 1 1 1 1 0 1 1 101]
====== rref =====
[4 0 0 0 0 0 0 0 0 3 126]
[0 4 0 0 0 0 0 0 0 -1 14]
[0 0 2 0 0 0 0 0 0 1 40]
[0 0 0 2 0 0 0 0 0 -1 4]
[0 0 0 0 4 0 0 0 0 1 70]
[0 0 0 0 0 2 0 0 0 -3 -44]
[0 0 0 0 0 0 4 0 0 3 130]
[0 0 0 0 0 0 0 2 0 -3 -28]
[0 0 0 0 0 0 0 0 4 3 78]
----------------------------------------

###.##.### 10: {33,68,67,62,37,52,81,52,47,29} 10: [[1 2 3 4 5 6 7] [0 3 5 7 9] [0 1 2 5 6 7 8 9] [1 2 3 4 5 6 7 9] [1 6] [0 3] [0 2 3 5 6 7 9] [1 3 8] [0 1 2 5 6 7 8] [2 3 4 6 8]]
====== original =====
[0 1 1 0 0 1 1 0 1 0 33]
[1 0 1 1 1 0 0 1 1 0 68]
[1 0 1 1 0 0 1 0 1 1 67]
[1 1 0 1 0 1 1 1 0 1 62]
[1 0 0 1 0 0 0 0 0 1 37]
[1 1 1 1 0 0 1 0 1 0 52]
[1 0 1 1 1 0 1 0 1 1 81]
[1 1 1 1 0 0 1 0 1 0 52]
[0 0 1 0 0 0 0 1 1 1 47]
[0 1 1 1 0 0 1 0 0 0 29]
====== rref =====
[1 0 0 0 0 0 0 0 1 0 23]
[0 1 0 0 0 0 0 0 0 0 0]
[0 0 1 0 0 0 0 0 1 0 20]
[0 0 0 1 0 0 0 0 -1 0 -1]
[0 0 0 0 1 0 0 0 0 0 14]
[0 0 0 0 0 1 0 0 0 0 3]
[0 0 0 0 0 0 1 0 0 0 10]
[0 0 0 0 0 0 0 1 0 0 12]
[0 0 0 0 0 0 0 0 0 1 15]
[0 0 0 0 0 0 0 0 0 0 0]
----------------------------------------

.##.. 5: {18,26,31,22,9} 6: [[1] [0 2 4] [0 2 3] [2 3] [0 4] [1 2 4]]
====== original =====
[0 1 1 0 1 0 18]
[1 0 0 0 0 1 26]
[0 1 1 1 0 1 31]
[0 0 1 1 0 0 22]
[0 1 0 0 1 1 9]
====== rref =====
[1 0 0 0 0 1 26]
[0 1 0 0 0 1 9]
[0 0 1 0 0 -1 9]
[0 0 0 1 0 1 13]
[0 0 0 0 1 0 0]
----------------------------------------

#...#.## 8: {40,64,29,23,33,37,35,47} 9: [[0 4 5 7] [0 1 3 6] [1 7] [0 1 2 5 7] [1 2 4 5] [1 6] [4] [2 3 4 5 7] [0 1 4 5 6 7]]
====== original =====
[1 1 0 1 0 0 0 0 1 40]
[0 1 1 1 1 1 0 0 1 64]
[0 0 0 1 1 0 0 1 0 29]
[0 1 0 0 0 0 0 1 0 23]
[1 0 0 0 1 0 1 1 1 33]
[1 0 0 1 1 0 0 1 1 37]
[0 1 0 0 0 1 0 0 1 35]
[1 0 1 1 0 0 0 1 1 47]
====== rref =====
[1 0 0 0 0 0 0 0 1 8]
[0 1 0 0 0 0 0 0 0 13]
[0 0 1 0 0 0 0 0 0 10]
[0 0 0 1 0 0 0 0 0 19]
[0 0 0 0 1 0 0 0 0 0]
[0 0 0 0 0 1 0 0 1 22]
[0 0 0 0 0 0 1 0 0 15]
[0 0 0 0 0 0 0 1 0 10]
----------------------------------------

#.#..## 7: {235,43,219,207,44,11,55} 5: [[0 1 2 3 4 6] [2 4 6] [0 1 5 6] [0 1 4 6] [0 2 3]]
====== original =====
[1 0 1 1 1 235]
[1 0 1 1 0 43]
[1 1 0 0 1 219]
[1 0 0 0 1 207]
[1 1 0 1 0 44]
[0 0 1 0 0 11]
[1 1 1 1 0 55]
====== rref =====
[1 0 0 0 0 15]
[0 1 0 0 0 12]
[0 0 1 0 0 11]
[0 0 0 1 0 17]
[0 0 0 0 1 192]
[0 0 0 0 0 0]
[0 0 0 0 0 0]
----------------------------------------

#.#.. 5: {9,0,6,15,0} 3: [[1 3 4] [0 3] [2 3]]
====== original =====
[0 1 0 9]
[1 0 0 0]
[0 0 1 6]
[1 1 1 15]
[1 0 0 0]
====== rref =====
[1 0 0 0]
[0 1 0 9]
[0 0 1 6]
[0 0 0 0]
[0 0 0 0]
----------------------------------------

.######. 8: {67,225,192,33,211,36,210,79} 9: [[0 1 2 5 6 7] [0 1 3 7] [3 4 6 7] [1 6 7] [0 4 5 7] [1 2 4 6] [0 5 6 7] [0 2 4] [0 1 5 7]]
====== original =====
[1 1 0 0 1 0 1 1 1 67]
[1 1 0 1 0 1 0 0 1 225]
[1 0 0 0 0 1 0 1 0 192]
[0 1 1 0 0 0 0 0 0 33]
[0 0 1 0 1 1 0 1 0 211]
[1 0 0 0 1 0 1 0 1 36]
[1 0 1 1 0 1 1 0 0 210]
[1 1 1 1 1 0 1 0 1 79]
====== rref =====
[4 0 0 0 0 0 0 0 1 34]
[0 2 0 0 0 0 0 0 1 54]
[0 0 2 0 0 0 0 0 -1 12]
[0 0 0 1 0 0 0 0 0 10]
[0 0 0 0 4 0 0 0 3 86]
[0 0 0 0 0 4 0 0 1 718]
[0 0 0 0 0 0 1 0 0 6]
[0 0 0 0 0 0 0 2 -1 8]
----------------------------------------

####... 7: {70,66,58,55,58,36,48} 7: [[0 1 2] [1 2 3 5] [0 2 3 4] [5 6] [0 1 4 6] [2 3 4 5] [0 1 3 4 6]]
====== original =====
[1 0 1 0 1 0 1 70]
[1 1 0 0 1 0 1 66]
[1 1 1 0 0 1 0 58]
[0 1 1 0 0 1 1 55]
[0 0 1 0 1 1 1 58]
[0 1 0 1 0 1 0 36]
[0 0 0 1 1 0 1 48]
====== rref =====
[1 0 0 0 0 0 -1 3]
[0 1 0 0 0 0 1 30]
[0 0 1 0 0 0 1 34]
[0 0 0 1 0 0 0 15]
[0 0 0 0 1 0 1 33]
[0 0 0 0 0 1 -1 -9]
[0 0 0 0 0 0 0 0]
----------------------------------------

##.#...#. 9: {56,24,36,23,19,20,30,35,36} 10: [[1 2 6 7 8] [0 5] [0 2 8] [0 1 4] [2 8] [0 1 3 4 5 7] [0 1 2 3 4 6 7 8] [0 2 5 8] [0 2 3 6 7 8] [6 7]]
====== original =====
[0 1 1 1 0 1 1 1 1 0 56]
[1 0 0 1 0 1 1 0 0 0 24]
[1 0 1 0 1 0 1 1 1 0 36]
[0 0 0 0 0 1 1 0 1 0 23]
[0 0 0 1 0 1 1 0 0 0 19]
[0 1 0 0 0 1 0 1 0 0 20]
[1 0 0 0 0 0 1 0 1 1 30]
[1 0 0 0 0 1 1 0 1 1 35]
[1 0 1 0 1 0 1 1 1 0 36]
====== rref =====
[1 0 0 0 0 0 0 0 0 0 5]
[0 1 0 0 0 0 0 1 0 0 15]
[0 0 1 0 0 0 0 0 1 0 22]
[0 0 0 1 0 0 0 0 -1 0 -4]
[0 0 0 0 1 0 0 1 -1 0 -9]
[0 0 0 0 0 1 0 0 0 0 5]
[0 0 0 0 0 0 1 0 1 0 18]
[0 0 0 0 0 0 0 0 0 1 7]
[0 0 0 0 0 0 0 0 0 0 0]
----------------------------------------

##.. 4: {26,44,24,17} 6: [[1 2] [0 1] [2] [3] [0 3] [1 3]]
====== original =====
[0 1 0 0 1 0 26]
[1 1 0 0 0 1 44]
[1 0 1 0 0 0 24]
[0 0 0 1 1 1 17]
====== rref =====
[1 0 0 0 -1 1 18]
[0 1 0 0 1 0 26]
[0 0 1 0 1 -1 6]
[0 0 0 1 1 1 17]
----------------------------------------

#...#####. 10: {201,55,49,50,53,221,217,31,25,54} 8: [[0 5 6] [1 2 3 4 5 6 8 9] [0 1 2 3 5 6 8 9] [1 3 4 6 7 8] [4] [1 2 3 4 7 9] [0 1 4 5 7 9] [0 1 2 3 4 5 6 7 9]]
====== original =====
[1 0 1 0 0 0 1 1 201]
[0 1 1 1 0 1 1 1 55]
[0 1 1 0 0 1 0 1 49]
[0 1 1 1 0 1 0 1 50]
[0 1 0 1 1 1 1 1 53]
[1 1 1 0 0 0 1 1 221]
[1 1 1 1 0 0 0 1 217]
[0 0 0 1 0 1 1 1 31]
[0 1 1 1 0 0 0 0 25]
[0 1 1 0 0 1 1 1 54]
====== rref =====
[1 0 0 0 0 0 0 1 192]
[0 1 0 0 0 0 0 0 20]
[0 0 1 0 0 0 0 0 4]
[0 0 0 1 0 0 0 0 1]
[0 0 0 0 1 0 0 0 2]
[0 0 0 0 0 1 0 1 25]
[0 0 0 0 0 0 1 0 5]
[0 0 0 0 0 0 0 0 0]
[0 0 0 0 0 0 0 0 0]
[0 0 0 0 0 0 0 0 0]
----------------------------------------

..#####.## 10: {55,63,31,72,86,30,88,70,81,67} 13: [[3 4 8] [3 4 5 6 7 9] [6 8] [1 4 5 6 7 8] [0 1 4 7 9] [0 1 2 3 6 7] [3 4 7 9] [0 1 3 4 6 8 9] [0 2 3 5 7 8 9] [4 6 9] [1 5 6] [8] [2 5]]
====== original =====
[0 0 0 0 1 1 0 1 1 0 0 0 0 55]
[0 0 0 1 1 1 0 1 0 0 1 0 0 63]
[0 0 0 0 0 1 0 0 1 0 0 0 1 31]
[1 1 0 0 0 1 1 1 1 0 0 0 0 72]
[1 1 0 1 1 0 1 1 0 1 0 0 0 86]
[0 1 0 1 0 0 0 0 1 0 1 0 1 30]
[0 1 1 1 0 1 0 1 0 1 1 0 0 88]
[0 1 0 1 1 1 1 0 1 0 0 0 0 70]
[1 0 1 1 0 0 0 1 1 0 0 1 0 81]
[0 1 0 0 1 0 1 1 1 1 0 0 0 67]
====== rref =====
[1 0 0 0 0 0 0 0 0 0 -1 0 0 11]
[0 9 0 0 0 0 0 0 0 0 0 -4 -5 -40]
[0 0 9 0 0 0 0 0 0 0 -9 4 -13 157]
[0 0 0 9 0 0 0 0 0 0 9 2 7 191]
[0 0 0 0 9 0 0 0 0 0 -9 -1 -8 53]
[0 0 0 0 0 9 0 0 0 0 0 -2 2 160]
[0 0 0 0 0 0 3 0 0 0 0 1 -1 49]
[0 0 0 0 0 0 0 9 0 0 9 1 -1 163]
[0 0 0 0 0 0 0 0 9 0 0 2 7 119]
[0 0 0 0 0 0 0 0 0 9 0 -1 10 161]
----------------------------------------

.#.###. 7: {39,15,23,16,33,10,23} 6: [[1 4 5 6] [0 3] [1 4 5] [0 1 2 4 6] [0 2 4 6] [1 3 4 5 6]]
====== original =====
[0 1 0 1 1 0 39]
[1 0 1 1 0 1 15]
[0 0 0 1 1 0 23]
[0 1 0 0 0 1 16]
[1 0 1 1 1 1 33]
[1 0 1 0 0 1 10]
[1 0 0 1 1 1 23]
====== rref =====
[1 0 0 0 0 0 0]
[0 1 0 0 0 0 16]
[0 0 1 0 0 0 10]
[0 0 0 1 0 0 5]
[0 0 0 0 1 0 18]
[0 0 0 0 0 1 0]
[0 0 0 0 0 0 0]
----------------------------------------

###.#..## 9: {234,212,220,36,252,14,226,54,212} 7: [[0 3 4 5 6 7 8] [0 2 3 7] [0 1 2 4 6 8] [1 8] [4 6 7] [3 4] [0 1 2 4 7]]
====== original =====
[1 1 1 0 0 0 1 234]
[0 0 1 1 0 0 1 212]
[0 1 1 0 0 0 1 220]
[1 1 0 0 0 1 0 36]
[1 0 1 0 1 1 1 252]
[1 0 0 0 0 0 0 14]
[1 0 1 0 1 0 0 226]
[1 1 0 0 1 0 1 54]
[1 0 1 1 0 0 0 212]
====== rref =====
[1 0 0 0 0 0 0 14]
[0 1 0 0 0 0 0 10]
[0 0 1 0 0 0 0 196]
[0 0 0 1 0 0 0 2]
[0 0 0 0 1 0 0 16]
[0 0 0 0 0 1 0 12]
[0 0 0 0 0 0 1 14]
[0 0 0 0 0 0 0 0]
[0 0 0 0 0 0 0 0]
----------------------------------------

####.#... 9: {224,25,23,215,221,42,218,219,18} 9: [[4 5] [0 5 7] [1 3] [0 3 4 6 7] [2 3 4 6 8] [3 6 7 8] [0 1 2 4 6 7 8] [0 1 2 5 6] [1 7 8]]
====== original =====
[0 1 0 1 0 0 1 1 0 224]
[0 0 1 0 0 0 1 1 1 25]
[0 0 0 0 1 0 1 1 0 23]
[0 0 1 1 1 1 0 0 0 215]
[1 0 0 1 1 0 1 0 0 221]
[1 1 0 0 0 0 0 1 0 42]
[0 0 0 1 1 1 1 1 0 218]
[0 1 0 1 0 1 1 0 1 219]
[0 0 0 0 1 1 1 0 1 18]
====== rref =====
[4 0 0 0 0 0 0 0 1 60]
[0 8 0 0 0 0 0 0 1 148]
[0 0 2 0 0 0 0 0 1 22]
[0 0 0 8 0 0 0 0 -5 1532]
[0 0 0 0 2 0 0 0 -1 18]
[0 0 0 0 0 8 0 0 5 28]
[0 0 0 0 0 0 8 0 7 44]
[0 0 0 0 0 0 0 8 -3 68]
[0 0 0 0 0 0 0 0 0 0]
----------------------------------------

##.##...#. 10: {31,19,59,42,22,42,39,19,49,30} 9: [[1 4 8] [0 2 4 5 6 7 8 9] [0 2 6 8 9] [0 1 2 4 5 7 8] [3 5] [2 3 5] [2 4 6] [2 3 6 8 9] [0 1 3 5 6 7 8]]
====== original =====
[0 1 1 1 0 0 0 0 1 31]
[1 0 0 1 0 0 0 0 1 19]
[0 1 1 1 0 1 1 1 0 59]
[0 0 0 0 1 1 0 1 1 42]
[1 1 0 1 0 0 1 0 0 22]
[0 1 0 1 1 1 0 0 1 42]
[0 1 1 0 0 0 1 1 1 39]
[0 1 0 1 0 0 0 0 1 19]
[1 1 1 1 0 0 0 1 1 49]
[0 1 1 0 0 0 0 1 0 30]
====== rref =====
[1 0 0 0 0 0 0 0 0 4]
[0 1 0 0 0 0 0 0 0 4]
[0 0 1 0 0 0 0 0 0 12]
[0 0 0 1 0 0 0 0 0 10]
[0 0 0 0 1 0 0 0 0 8]
[0 0 0 0 0 1 0 0 0 15]
[0 0 0 0 0 0 1 0 0 4]
[0 0 0 0 0 0 0 1 0 14]
[0 0 0 0 0 0 0 0 1 5]
[0 0 0 0 0 0 0 0 0 0]
----------------------------------------

.#.## 5: {20,13,20,25,5} 3: [[0 2 3] [1 3 4] [0 1 2 3]]
====== original =====
[1 0 1 20]
[0 1 1 13]
[1 0 1 20]
[1 1 1 25]
[0 1 0 5]
====== rref =====
[1 0 0 12]
[0 1 0 5]
[0 0 1 8]
[0 0 0 0]
[0 0 0 0]
----------------------------------------

#..##..# 8: {27,9,11,45,35,18,28,45} 7: [[1 3 4 5 6 7] [6] [0 1 2 3 4 6 7] [2 4 6] [0 3 4 7] [3 5 7] [3 4 5 7]]
====== original =====
[0 0 1 0 1 0 0 27]
[1 0 1 0 0 0 0 9]
[0 0 1 1 0 0 0 11]
[1 0 1 0 1 1 1 45]
[1 0 1 1 1 0 1 35]
[1 0 0 0 0 1 1 18]
[1 1 1 1 0 0 0 28]
[1 0 1 0 1 1 1 45]
====== rref =====
[2 0 0 0 0 0 1 6]
[0 2 0 0 0 0 -1 28]
[0 0 2 0 0 0 -1 12]
[0 0 0 2 0 0 1 10]
[0 0 0 0 2 0 1 42]
[0 0 0 0 0 2 1 30]
[0 0 0 0 0 0 0 0]
[0 0 0 0 0 0 0 0]
----------------------------------------

.#.#.#.. 8: {20,49,14,29,28,20,10,29} 6: [[1 7] [1 3 5] [0 2 6] [0 4] [0 1 2 4 7] [1 3 4 6 7]]
====== original =====
[0 0 1 1 1 0 20]
[1 1 0 0 1 1 49]
[0 0 1 0 1 0 14]
[0 1 0 0 0 1 29]
[0 0 0 1 1 1 28]
[0 1 0 0 0 0 20]
[0 0 1 0 0 1 10]
[1 0 0 0 1 1 29]
====== rref =====
[1 0 0 0 0 0 7]
[0 1 0 0 0 0 20]
[0 0 1 0 0 0 1]
[0 0 0 1 0 0 6]
[0 0 0 0 1 0 13]
[0 0 0 0 0 1 9]
[0 0 0 0 0 0 0]
[0 0 0 0 0 0 0]
----------------------------------------

.#.#....#. 10: {245,48,71,22,29,63,212,22,59,274} 13: [[1 2 8 9] [2 4 5 6 7 9] [0 1 2 4 5 7 8 9] [5 7 9] [0 6 9] [0 3] [1 4 6 8] [0 1 2 3 5 6 8 9] [0 5] [2 5 9] [0 2 8 9] [0 2 5 9] [1 3 4 5 6]]
====== original =====
[0 0 1 0 1 1 0 1 1 0 1 1 0 245]
[1 0 1 0 0 0 1 1 0 0 0 0 1 48]
[1 1 1 0 0 0 0 1 0 1 1 1 0 71]
[0 0 0 0 0 1 0 1 0 0 0 0 1 22]
[0 1 1 0 0 0 1 0 0 0 0 0 1 29]
[0 1 1 1 0 0 0 1 1 1 0 1 1 63]
[0 1 0 0 1 0 1 1 0 0 0 0 1 212]
[0 1 1 1 0 0 0 0 0 0 0 0 0 22]
[1 0 1 0 0 0 1 1 0 0 1 0 0 59]
[1 1 1 1 1 0 0 1 0 1 1 1 0 274]
====== rref =====
[1 0 0 0 0 0 0 0 0 3 0 2 3 107]
[0 2 0 0 0 0 0 0 0 3 0 2 3 90]
[0 0 1 0 0 0 0 0 0 -2 0 -1 -2 -49]
[0 0 0 2 0 0 0 0 0 1 0 0 1 52]
[0 0 0 0 2 0 0 0 0 -1 0 0 -1 354]
[0 0 0 0 0 2 0 0 0 3 0 2 5 130]
[0 0 0 0 0 0 2 0 0 1 0 0 3 66]
[0 0 0 0 0 0 0 2 0 -3 0 -2 -3 -86]
[0 0 0 0 0 0 0 0 2 5 0 4 5 168]
[0 0 0 0 0 0 0 0 0 0 1 0 -1 11]
----------------------------------------

.#.#.#.# 8: {46,50,34,24,34,32,32,43} 8: [[0 1 4 5 7] [0 2 5 6 7] [0 1 2 3 5 6] [0 1 2 4 6 7] [1 2 3 4 5 6] [0 2 4] [0 6 7] [1 2 3]]
====== original =====
[1 1 1 1 0 1 1 0 46]
[1 0 1 1 1 0 0 1 50]
[0 1 1 1 1 1 0 1 34]
[0 0 1 0 1 0 0 1 24]
[1 0 0 1 1 1 0 0 34]
[1 1 1 0 1 0 0 0 32]
[0 1 1 1 1 0 1 0 32]
[1 1 0 1 0 0 1 0 43]
====== rref =====
[1 0 0 0 0 0 0 0 20]
[0 1 0 0 0 0 0 0 3]
[0 0 1 0 0 0 0 0 2]
[0 0 0 1 0 0 0 0 6]
[0 0 0 0 1 0 0 0 7]
[0 0 0 0 0 1 0 0 1]
[0 0 0 0 0 0 1 0 14]
[0 0 0 0 0 0 0 1 15]
----------------------------------------

.#..#.##.# 10: {31,41,41,34,38,28,58,55,35,38} 8: [[0 1 3 6 7 8] [4 5 6 7 8] [1 4 5 6 7 8 9] [1 2 3 6 9] [2 5] [0 2 4 5 7 8 9] [1 9] [4 6 7]]
====== original =====
[1 0 0 0 0 1 0 0 31]
[1 0 1 1 0 0 1 0 41]
[0 0 0 1 1 1 0 0 41]
[1 0 0 1 0 0 0 0 34]
[0 1 1 0 0 1 0 1 38]
[0 1 1 0 1 1 0 0 28]
[1 1 1 1 0 0 0 1 58]
[1 1 1 0 0 1 0 1 55]
[1 1 1 0 0 1 0 0 35]
[0 0 1 1 0 1 1 0 38]
====== rref =====
[1 0 0 0 0 0 0 0 17]
[0 1 0 0 0 0 -1 0 -3]
[0 0 1 0 0 0 1 0 7]
[0 0 0 1 0 0 0 0 17]
[0 0 0 0 1 0 0 0 10]
[0 0 0 0 0 1 0 0 14]
[0 0 0 0 0 0 0 1 20]
[0 0 0 0 0 0 0 0 0]
[0 0 0 0 0 0 0 0 0]
[0 0 0 0 0 0 0 0 0]
----------------------------------------

.#..#.... 9: {40,51,18,48,61,63,69,69,57} 10: [[1 2 6 7 8] [0 4 6 7] [1 3 4 6 7 8] [1 2 4 5 6 7 8] [5 6 7] [0 4 6 7 8] [0 3 5] [0 1 5 6 7 8] [0 1 3 4 5 8] [3 8]]
====== original =====
[0 1 0 0 0 1 1 1 1 0 40]
[1 0 1 1 0 0 0 1 1 0 51]
[1 0 0 1 0 0 0 0 0 0 18]
[0 0 1 0 0 0 1 0 1 1 48]
[0 1 1 1 0 1 0 0 1 0 61]
[0 0 0 1 1 0 1 1 1 0 63]
[1 1 1 1 1 1 0 1 0 0 69]
[1 1 1 1 1 1 0 1 0 0 69]
[1 0 1 1 0 1 0 1 1 1 57]
====== rref =====
[7 0 0 0 0 0 0 0 -5 2 -51]
[0 7 0 0 0 0 0 0 -1 -8 29]
[0 0 7 0 0 0 0 0 3 3 179]
[0 0 0 7 0 0 0 0 5 -2 177]
[0 0 0 0 7 0 0 0 -6 1 55]
[0 0 0 0 0 1 0 0 0 1 6]
[0 0 0 0 0 0 7 0 4 4 157]
[0 0 0 0 0 0 0 7 4 -3 52]
[0 0 0 0 0 0 0 0 0 0 0]
----------------------------------------

#.###.#### 10: {68,58,150,194,197,46,167,52,190,173} 11: [[0 3 4 7 9] [0 1 3 4 5 8 9] [2 3 4 6 8 9] [0 1 3 4 7 8 9] [0 1 2 3 6 9] [1 8 9] [0 1 2 3 4 5 6 7 8] [0 4 5 6 8] [2 3 4 6 7] [3 5] [0 1 2 3 4 6 7 8 9]]
====== original =====
[1 1 0 1 1 0 1 1 0 0 1 68]
[0 1 0 1 1 1 1 0 0 0 1 58]
[0 0 1 0 1 0 1 0 1 0 1 150]
[1 1 1 1 1 0 1 0 1 1 1 194]
[1 1 1 1 0 0 1 1 1 0 1 197]
[0 1 0 0 0 0 1 1 0 1 0 46]
[0 0 1 0 1 0 1 1 1 0 1 167]
[1 0 0 1 0 0 1 0 1 0 1 52]
[0 1 1 1 0 1 1 1 0 0 1 190]
[1 1 1 1 1 1 0 0 0 0 1 173]
====== rref =====
[4 0 0 0 0 0 0 0 0 0 1 27]
[0 4 0 0 0 0 0 0 0 0 -1 33]
[0 0 4 0 0 0 0 0 0 0 1 479]
[0 0 0 4 0 0 0 0 0 0 1 79]
[0 0 0 0 4 0 0 0 0 0 1 19]
[0 0 0 0 0 4 0 0 0 0 1 55]
[0 0 0 0 0 0 2 0 0 0 1 23]
[0 0 0 0 0 0 0 1 0 0 0 17]
[0 0 0 0 0 0 0 0 1 0 0 14]
[0 0 0 0 0 0 0 0 0 4 -1 37]
----------------------------------------

..#..##.# 9: {7,64,24,31,52,24,12,31,38} 7: [[0 1 3 4 7 8] [1 4 8] [2 4 5] [1 4] [0 2 3 4 5 7 8] [1 3 5 7] [1 2 3 6 7 8]]
====== original =====
[1 0 0 0 1 0 0 7]
[1 1 0 1 0 1 1 64]
[0 0 1 0 1 0 1 24]
[1 0 0 0 1 1 1 31]
[1 1 1 1 1 0 0 52]
[0 0 1 0 1 1 0 24]
[0 0 0 0 0 0 1 12]
[1 0 0 0 1 1 1 31]
[1 1 0 0 1 0 1 38]
====== rref =====
[1 0 0 0 1 0 0 7]
[0 1 0 0 0 0 0 19]
[0 0 1 0 1 0 0 12]
[0 0 0 1 -1 0 0 14]
[0 0 0 0 0 1 0 12]
[0 0 0 0 0 0 1 12]
[0 0 0 0 0 0 0 0]
[0 0 0 0 0 0 0 0]
[0 0 0 0 0 0 0 0]
----------------------------------------

#.##.# 6: {11,16,25,14,11,0} 4: [[0 1 2 4] [0 1 2 3 5] [1 2 3] [0 2 4]]
====== original =====
[1 1 0 1 11]
[1 1 1 0 16]
[1 1 1 1 25]
[0 1 1 0 14]
[1 0 0 1 11]
[0 1 0 0 0]
====== rref =====
[1 0 0 0 2]
[0 1 0 0 0]
[0 0 1 0 14]
[0 0 0 1 9]
[0 0 0 0 0]
[0 0 0 0 0]
----------------------------------------

##### 5: {131,14,1,144,14} 3: [[0 3] [0 2] [1 3 4]]
====== original =====
[1 1 0 131]
[0 0 1 14]
[0 1 0 1]
[1 0 1 144]
[0 0 1 14]
====== rref =====
[1 0 0 130]
[0 1 0 1]
[0 0 1 14]
[0 0 0 0]
[0 0 0 0]
----------------------------------------

#.#..#...# 10: {97,61,83,46,50,85,89,89,67,53} 11: [[0 5 7] [3 7] [0 2 6 7 8] [0 1 2 3 4 5 6 9] [1 2 5 6 8 9] [0 1 2 3 4 5 7 8] [2 5 8] [1 2 5 7 8] [0 6 7] [1 4 6 9] [0 3 4 6 7 9]]
====== original =====
[1 0 1 1 0 1 0 0 1 0 1 97]
[0 0 0 1 1 1 0 1 0 1 0 61]
[0 0 1 1 1 1 1 1 0 0 0 83]
[0 1 0 1 0 1 0 0 0 0 1 46]
[0 0 0 1 0 1 0 0 0 1 1 50]
[1 0 0 1 1 1 1 1 0 0 0 85]
[0 0 1 1 1 0 0 0 1 1 1 89]
[1 1 1 0 0 1 0 1 1 0 1 89]
[0 0 1 0 1 1 1 1 0 0 0 67]
[0 0 0 1 1 0 0 0 0 1 1 53]
====== rref =====
[1 0 0 0 0 0 0 0 0 0 1 30]
[0 1 0 0 0 0 0 0 0 0 1 15]
[0 0 1 0 0 0 0 0 0 0 1 28]
[0 0 0 1 0 0 0 0 0 0 0 16]
[0 0 0 0 1 0 0 0 0 0 0 18]
[0 0 0 0 0 1 0 0 0 0 0 15]
[0 0 0 0 0 0 1 0 0 0 0 13]
[0 0 0 0 0 0 0 1 0 0 -1 -7]
[0 0 0 0 0 0 0 0 1 0 -1 8]
[0 0 0 0 0 0 0 0 0 1 1 19]
----------------------------------------

.#...#.. 8: {115,31,33,8,34,3,144,143} 7: [[1 2 6 7] [1 4 7] [0 6 7] [1 3 5] [2 4 6] [0 2 7] [2 3 6]]
====== original =====
[0 0 1 0 0 1 0 115]
[1 1 0 1 0 0 0 31]
[1 0 0 0 1 1 1 33]
[0 0 0 1 0 0 1 8]
[0 1 0 0 1 0 0 34]
[0 0 0 1 0 0 0 3]
[1 0 1 0 1 0 1 144]
[1 1 1 0 0 1 0 143]
====== rref =====
[1 0 0 0 0 0 0 10]
[0 1 0 0 0 0 0 18]
[0 0 1 0 0 0 0 113]
[0 0 0 1 0 0 0 3]
[0 0 0 0 1 0 0 16]
[0 0 0 0 0 1 0 2]
[0 0 0 0 0 0 1 5]
[0 0 0 0 0 0 0 0]
----------------------------------------

.#.. 4: {5,7,18,19} 4: [[0 1 2] [1 2 3] [2 3] [0 1 3]]
====== original =====
[1 0 0 1 5]
[1 1 0 1 7]
[1 1 1 0 18]
[0 1 1 1 19]
====== rref =====
[1 0 0 0 2]
[0 1 0 0 2]
[0 0 1 0 14]
[0 0 0 1 3]
----------------------------------------

##.#..# 7: {33,57,39,62,52,61,66} 9: [[1 2 3 4 5 6] [0 1 5] [3 5 6] [0 2 3 4 6] [1 3 4 5] [0 3 4 5] [1 3 6] [2 4 6] [0 3 5 6]]
====== original =====
[0 1 0 1 0 1 0 0 1 33]
[1 1 0 0 1 0 1 0 0 57]
[1 0 0 1 0 0 0 1 0 39]
[1 0 1 1 1 1 1 0 1 62]
[1 0 0 1 1 1 0 1 0 52]
[1 1 1 0 1 1 0 0 1 61]
[1 0 1 1 0 0 1 1 1 66]
====== rref =====
[2 0 0 0 0 0 -3 0 -1 -13]
[0 2 0 0 0 0 1 0 1 55]
[0 0 1 0 0 0 1 0 1 27]
[0 0 0 2 0 0 3 0 1 57]
[0 0 0 0 1 0 2 0 0 36]
[0 0 0 0 0 1 -2 0 0 -23]
[0 0 0 0 0 0 0 1 0 17]
----------------------------------------

###..###. 9: {77,43,93,66,39,74,58,65,51} 7: [[1 2 5 8] [0 2 3 4 5 6 8] [0 2 3 4 6 7 8] [0 2 3 5 7] [0 1 2 5 6 7] [1 2 3 5 7] [0 1 3 7]]
====== original =====
[0 1 1 1 1 0 1 77]
[1 0 0 0 1 1 1 43]
[1 1 1 1 1 1 0 93]
[0 1 1 1 0 1 1 66]
[0 1 1 0 0 0 0 39]
[1 1 0 1 1 1 0 74]
[0 1 1 0 1 0 0 58]
[0 0 1 1 1 1 1 65]
[1 1 1 0 0 0 0 51]
====== rref =====
[1 0 0 0 0 0 0 12]
[0 1 0 0 0 0 0 20]
[0 0 1 0 0 0 0 19]
[0 0 0 1 0 0 0 15]
[0 0 0 0 1 0 0 19]
[0 0 0 0 0 1 0 8]
[0 0 0 0 0 0 1 4]
[0 0 0 0 0 0 0 0]
[0 0 0 0 0 0 0 0]
----------------------------------------

...#.. 6: {40,31,28,55,59,47} 7: [[0 1 4 5] [0] [3 4] [1 3 4 5] [2 3 4] [0 3 4 5] [0 1 2 5]]
====== original =====
[1 1 0 0 0 1 1 40]
[1 0 0 1 0 0 1 31]
[0 0 0 0 1 0 1 28]
[0 0 1 1 1 1 0 55]
[1 0 1 1 1 1 0 59]
[1 0 0 1 0 1 1 47]
====== rref =====
[1 0 0 0 0 0 0 4]
[0 1 0 0 0 0 1 20]
[0 0 1 0 0 0 -2 -16]
[0 0 0 1 0 0 1 27]
[0 0 0 0 1 0 1 28]
[0 0 0 0 0 1 0 16]
----------------------------------------

#### 4: {11,3,11,11} 2: [[0 2 3] [0 1 2 3]]
====== original =====
[1 1 11]
[0 1 3]
[1 1 11]
[1 1 11]
====== rref =====
[1 0 8]
[0 1 3]
[0 0 0]
[0 0 0]
----------------------------------------

.####..## 9: {59,79,50,26,51,174,47,70,19} 10: [[1 2 4 6 7 8] [0 1 2 4 5 6] [0 1 2 3 4 7] [1 4 5 8] [0 1 2 4 5 6 7] [0 1 2 4 5 7 8] [0 2 4 5 7] [0 1 3 6 7] [5] [1 6 7]]
====== original =====
[0 1 1 0 1 1 1 1 0 0 59]
[1 1 1 1 1 1 0 1 0 1 79]
[1 1 1 0 1 1 1 0 0 0 50]
[0 0 1 0 0 0 0 1 0 0 26]
[1 1 1 1 1 1 1 0 0 0 51]
[0 1 0 1 1 1 1 0 1 0 174]
[1 1 0 0 1 0 0 1 0 1 47]
[1 0 1 0 1 1 1 1 0 1 70]
[1 0 0 1 0 1 0 0 0 0 19]
====== rref =====
[1 0 0 0 0 0 0 0 0 0 2]
[0 1 0 0 0 0 0 0 0 -1 -9]
[0 0 1 0 0 0 0 0 0 0 15]
[0 0 0 1 0 0 0 0 0 0 1]
[0 0 0 0 1 0 0 0 0 2 43]
[0 0 0 0 0 1 0 0 0 0 16]
[0 0 0 0 0 0 1 0 0 -1 -17]
[0 0 0 0 0 0 0 1 0 0 11]
[0 0 0 0 0 0 0 0 1 0 140]
----------------------------------------

#.##. 5: {33,8,24,19,38} 5: [[1 2 4] [0 2 4] [1 2 3] [0 4] [0 3 4]]
====== original =====
[0 1 0 1 1 33]
[1 0 1 0 0 8]
[1 1 1 0 0 24]
[0 0 1 0 1 19]
[1 1 0 1 1 38]
====== rref =====
[1 0 0 0 0 5]
[0 1 0 0 0 16]
[0 0 1 0 0 3]
[0 0 0 1 0 1]
[0 0 0 0 1 16]
----------------------------------------

#.###. 6: {41,29,40,75,60,7} 7: [[0 2 3 4] [0 1 4 5] [0 1 3 4] [1 2 3] [2 3] [0 2 3 4 5] [3 4]]
====== original =====
[1 1 1 0 0 1 0 41]
[0 1 1 1 0 0 0 29]
[1 0 0 1 1 1 0 40]
[1 0 1 1 1 1 1 75]
[1 1 1 0 0 1 1 60]
[0 1 0 0 0 1 0 7]
====== rref =====
[1 0 0 0 0 0 0 18]
[0 1 0 0 0 1 0 7]
[0 0 1 0 0 0 0 16]
[0 0 0 1 0 -1 0 6]
[0 0 0 0 1 2 0 16]
[0 0 0 0 0 0 1 19]
----------------------------------------

..#.#. 6: {75,49,52,24,48,32} 6: [[0 1 4 5] [0 2 5] [0 2 3 4] [0 3] [1] [0 1 2 4]]
====== original =====
[1 1 1 1 0 1 75]
[1 0 0 0 1 1 49]
[0 1 1 0 0 1 52]
[0 0 1 1 0 0 24]
[1 0 1 0 0 1 48]
[1 1 0 0 0 0 32]
====== rref =====
[1 0 0 0 0 0 14]
[0 1 0 0 0 0 18]
[0 0 1 0 0 0 15]
[0 0 0 1 0 0 9]
[0 0 0 0 1 0 16]
[0 0 0 0 0 1 19]
----------------------------------------

#..# 4: {21,25,31,9} 5: [[0 1] [1 2] [0 3] [0 1 2] [2]]
====== original =====
[1 0 1 1 0 21]
[1 1 0 1 0 25]
[0 1 0 1 1 31]
[0 0 1 0 0 9]
====== rref =====
[1 0 0 0 -1 -6]
[0 1 0 0 0 13]
[0 0 1 0 0 9]
[0 0 0 1 1 18]
----------------------------------------

##...#... 9: {148,77,41,70,88,150,183,149,170} 11: [[1 6] [0 5 6 7 8] [0 3 4 5] [3 4 5 8] [1 7 8] [1 2 3 4 6 7 8] [2 4] [0 1 2 3 6 8] [0 1 4 5 6 7] [4 5 6 7 8] [4 6]]
====== original =====
[0 1 1 0 0 0 0 1 1 0 0 148]
[1 0 0 0 1 1 0 1 1 0 0 77]
[0 0 0 0 0 1 1 1 0 0 0 41]
[0 0 1 1 0 1 0 1 0 0 0 70]
[0 0 1 1 0 1 1 0 1 1 1 88]
[0 1 1 1 0 0 0 0 1 1 0 150]
[1 1 0 0 0 1 0 1 1 1 1 183]
[0 1 0 0 1 1 0 0 1 1 0 149]
[0 1 0 1 1 1 0 1 0 1 0 170]
====== rref =====
[1 0 0 0 0 0 0 0 1 0 -1 12]
[0 2 0 0 0 0 0 0 1 0 -6 123]
[0 0 1 0 0 0 0 0 1 0 1 45]
[0 0 0 2 0 0 0 0 -1 0 -4 -41]
[0 0 0 0 2 0 0 0 1 0 0 39]
[0 0 0 0 0 1 0 0 0 0 -1 4]
[0 0 0 0 0 0 2 0 1 0 -2 -9]
[0 0 0 0 0 0 0 2 -1 0 4 83]
[0 0 0 0 0 0 0 0 0 1 4 64]
----------------------------------------

..#. 4: {211,202,13,2} 4: [[0 2] [3] [1] [0 1]]
====== original =====
[1 0 0 1 211]
[0 0 1 1 202]
[1 0 0 0 13]
[0 1 0 0 2]
====== rref =====
[1 0 0 0 13]
[0 1 0 0 2]
[0 0 1 0 4]
[0 0 0 1 198]
----------------------------------------

##.. 4: {225,237,29,202} 6: [[1 2] [0] [0 1 3] [0 1 2] [1] [3]]
====== original =====
[0 1 1 1 0 0 225]
[1 0 1 1 1 0 237]
[1 0 0 1 0 0 29]
[0 0 1 0 0 1 202]
====== rref =====
[1 0 0 1 0 0 29]
[0 1 0 1 0 -1 23]
[0 0 1 0 0 1 202]
[0 0 0 0 1 -1 6]
----------------------------------------

#..#.#..#. 10: {46,48,81,27,78,37,86,96,81,65} 12: [[0 1 3 4 6 7] [1 2 6 7 8 9] [0 1 4 6 7] [1 2 4 8 9] [0 2 4 5 6 7 8 9] [2 4 7 8] [0 3 6 7 9] [0 2 3 4 5 6 7 8] [0 2 4 5 8 9] [6 7] [0 1 2 3 4 5 7 9] [5 6 9]]
====== original =====
[1 0 1 0 1 0 1 1 1 0 1 0 46]
[1 1 1 1 0 0 0 0 0 0 1 0 48]
[0 1 0 1 1 1 0 1 1 0 1 0 81]
[1 0 0 0 0 0 1 1 0 0 1 0 27]
[1 0 1 1 1 1 0 1 1 0 1 0 78]
[0 0 0 0 1 0 0 1 1 0 1 1 37]
[1 1 1 0 1 0 1 1 0 1 0 1 86]
[1 1 1 0 1 1 1 1 0 1 1 0 96]
[0 1 0 1 1 1 0 1 1 0 0 0 81]
[0 1 0 1 1 0 1 0 1 0 1 1 65]
====== rref =====
[1 0 0 0 0 0 0 0 0 0 0 2 31]
[0 1 0 0 0 0 0 0 0 0 0 0 17]
[0 0 1 0 0 0 0 0 0 0 0 -2 -17]
[0 0 0 1 0 0 0 0 0 0 0 0 17]
[0 0 0 0 1 0 0 0 0 1 0 3 59]
[0 0 0 0 0 1 0 0 0 0 0 -1 10]
[0 0 0 0 0 0 1 0 0 0 0 -1 -5]
[0 0 0 0 0 0 0 1 0 0 0 -1 1]
[0 0 0 0 0 0 0 0 1 -1 0 -1 -23]
[0 0 0 0 0 0 0 0 0 0 1 0 0]
----------------------------------------

##.#.. 6: {30,224,20,9,6,21} 7: [[0 3 4 5] [0 1] [2] [2 3 5] [0 1 2 5] [0 1 2 4 5] [1]]
====== original =====
[1 1 0 0 1 1 0 30]
[0 1 0 0 1 1 1 224]
[0 0 1 1 1 1 0 20]
[1 0 0 1 0 0 0 9]
[1 0 0 0 0 1 0 6]
[1 0 0 1 1 1 0 21]
====== rref =====
[1 0 0 0 0 0 -1 -194]
[0 1 0 0 0 0 1 212]
[0 0 1 0 0 0 -1 -195]
[0 0 0 1 0 0 1 203]
[0 0 0 0 1 0 -1 -188]
[0 0 0 0 0 1 1 200]
----------------------------------------

..#. 4: {5,17,19,20} 5: [[0 3] [0 2] [3] [0] [1 2]]
====== original =====
[1 1 0 1 0 5]
[0 0 0 0 1 17]
[0 1 0 0 1 19]
[1 0 1 0 0 20]
====== rref =====
[1 0 0 1 0 3]
[0 1 0 0 0 2]
[0 0 1 -1 0 17]
[0 0 0 0 1 17]
----------------------------------------

#####.. 7: {210,220,32,249,28,16,13} 8: [[2 3] [0 3 4 5 6] [0 1 2 3 4] [1 5 6] [1 3 4] [0 1 4 5] [0 1 3] [1 2 3]]
====== original =====
[0 1 1 0 0 1 1 0 210]
[0 0 1 1 1 1 1 1 220]
[1 0 1 0 0 0 0 1 32]
[1 1 1 0 1 0 1 1 249]
[0 1 1 0 1 1 0 0 28]
[0 1 0 1 0 1 0 0 16]
[0 1 0 1 0 0 0 0 13]
====== rref =====
[5 0 0 0 0 0 0 4 143]
[0 5 0 0 0 0 0 -2 41]
[0 0 5 0 0 0 0 1 17]
[0 0 0 5 0 0 0 2 24]
[0 0 0 0 5 0 0 1 67]
[0 0 0 0 0 1 0 0 3]
[0 0 0 0 0 0 5 1 977]
----------------------------------------

#####.#. 8: {15,35,18,27,25,28,27,19} 6: [[1 3 4 5 6 7] [0 1 3 4 6 7] [4 5] [0 1 2 3 6 7] [1 2] [0 3 5 6]]
====== original =====
[0 1 0 1 0 1 15]
[1 1 0 1 1 0 35]
[0 0 0 1 1 0 18]
[1 1 0 1 0 1 27]
[1 1 1 0 0 0 25]
[1 0 1 0 0 1 28]
[1 1 0 1 0 1 27]
[1 1 0 1 0 0 19]
====== rref =====
[1 0 0 0 0 0 12]
[0 1 0 0 0 0 5]
[0 0 1 0 0 0 8]
[0 0 0 1 0 0 2]
[0 0 0 0 1 0 16]
[0 0 0 0 0 1 8]
[0 0 0 0 0 0 0]
[0 0 0 0 0 0 0]
----------------------------------------

####.##. 8: {43,25,18,31,42,39,35,33} 8: [[0 2 3 4 5 7] [0 5] [0 1 2 3 4 6] [0 1 3 4 5 6] [3 6] [2 3 4 5] [1 5] [0 4 6 7]]
====== original =====
[1 1 1 1 0 0 0 1 43]
[0 0 1 1 0 0 1 0 25]
[1 0 1 0 0 1 0 0 18]
[1 0 1 1 1 1 0 0 31]
[1 0 1 1 0 1 0 1 42]
[1 1 0 1 0 1 1 0 39]
[0 0 1 1 1 0 0 1 35]
[1 0 0 0 0 0 0 1 33]
====== rref =====
[1 0 0 0 0 0 0 0 14]
[0 1 0 0 0 0 0 0 2]
[0 0 1 0 0 0 0 0 3]
[0 0 0 1 0 0 0 0 5]
[0 0 0 0 1 0 0 0 8]
[0 0 0 0 0 1 0 0 1]
[0 0 0 0 0 0 1 0 17]
[0 0 0 0 0 0 0 1 19]
----------------------------------------

####. 5: {29,17,26,6,23} 4: [[0 1 4] [0 2] [3 4] [0 1 2 4]]
====== original =====
[1 1 0 1 29]
[1 0 0 1 17]
[0 1 0 1 26]
[0 0 1 0 6]
[1 0 1 1 23]
====== rref =====
[1 0 0 0 3]
[0 1 0 0 12]
[0 0 1 0 6]
[0 0 0 1 14]
[0 0 0 0 0]
----------------------------------------

..#.#.## 8: {256,224,42,58,230,230,222,231} 10: [[0 3 4 6 7] [0 1 4 5 6 7] [0 1 2 3 4 6] [0 1 2 3 5 7] [0 1 5 6 7] [0 3 4 5 6 7] [0] [1 2 4] [0 2 3 4 5 6] [0 1 3 4 5 7]]
====== original =====
[1 1 1 1 1 1 1 0 1 1 256]
[0 1 1 1 1 0 0 1 0 1 224]
[0 0 1 1 0 0 0 1 1 0 42]
[1 0 1 1 0 1 0 0 1 1 58]
[1 1 1 0 0 1 0 1 1 1 230]
[0 1 0 1 1 1 0 0 1 1 230]
[1 1 1 0 1 1 0 0 1 0 222]
[1 1 0 1 1 1 0 0 0 1 231]
====== rref =====
[1 0 0 0 0 0 0 0 -1 0 1]
[0 1 0 0 0 0 0 0 -3 5 175]
[0 0 1 0 0 0 0 0 0 1 9]
[0 0 0 1 0 0 0 0 -1 2 18]
[0 0 0 0 1 0 0 0 2 -4 7]
[0 0 0 0 0 1 0 0 3 -2 30]
[0 0 0 0 0 0 1 0 1 -1 16]
[0 0 0 0 0 0 0 1 2 -3 15]
----------------------------------------

#..... 6: {16,30,32,31,39,27} 8: [[0 5] [1 2 4 5] [1 2] [0 2 4 5] [3 4] [2 3 4 5] [0 1 3 4 5] [1 2 3 4]]
====== original =====
[1 0 0 1 0 0 1 0 16]
[0 1 1 0 0 0 1 1 30]
[0 1 1 1 0 1 0 1 32]
[0 0 0 0 1 1 1 1 31]
[0 1 0 1 1 1 1 1 39]
[1 1 0 1 0 1 1 0 27]
====== rref =====
[2 0 0 0 0 0 3 0 33]
[0 2 0 0 0 0 1 0 17]
[0 0 2 0 0 0 1 2 43]
[0 0 0 2 0 0 -1 0 -1]
[0 0 0 0 2 0 3 2 57]
[0 0 0 0 0 2 -1 0 5]
----------------------------------------

#.#.. 5: {15,14,13,4,12} 4: [[0 4] [0 1 2 4] [0 2] [1 3]]
====== original =====
[1 1 1 0 15]
[0 1 0 1 14]
[0 1 1 0 13]
[0 0 0 1 4]
[1 1 0 0 12]
====== rref =====
[1 0 0 0 2]
[0 1 0 0 10]
[0 0 1 0 3]
[0 0 0 1 4]
[0 0 0 0 0]
----------------------------------------

.#..## 6: {19,59,32,25,20,38} 7: [[1 5] [1 2] [1 3 4] [1 4 5] [0 3] [0 1 3 5] [2]]
====== original =====
[0 0 0 0 1 1 0 19]
[1 1 1 1 0 1 0 59]
[0 1 0 0 0 0 1 32]
[0 0 1 0 1 1 0 25]
[0 0 1 1 0 0 0 20]
[1 0 0 1 0 1 0 38]
====== rref =====
[1 0 0 0 0 1 0 24]
[0 1 0 0 0 0 0 15]
[0 0 1 0 0 0 0 6]
[0 0 0 1 0 0 0 14]
[0 0 0 0 1 1 0 19]
[0 0 0 0 0 0 1 17]
----------------------------------------

.###.#### 9: {163,173,40,130,88,148,178,160,158} 11: [[2 7] [0 1 2 4 6 8] [1 4 5 6] [3 7 8] [1 7] [0 1 2 4 5 6] [4 6 7 8] [0 4] [0 1 3 5 6 7 8] [0 1 3 4 5 6 7] [0 1 2 4 5 6 8]]
====== original =====
[0 1 0 0 0 1 0 1 1 1 1 163]
[0 1 1 0 1 1 0 0 1 1 1 173]
[1 1 0 0 0 1 0 0 0 0 1 40]
[0 0 0 1 0 0 0 0 1 1 0 130]
[0 1 1 0 0 1 1 1 0 1 1 88]
[0 0 1 0 0 1 0 0 1 1 1 148]
[0 1 1 0 0 1 1 0 1 1 1 178]
[1 0 0 1 1 0 1 0 1 1 0 160]
[0 1 0 1 0 0 1 0 1 0 1 158]
====== rref =====
[1 0 0 0 0 0 0 0 -2 0 -1 -211]
[0 2 0 0 0 0 0 0 -2 0 -1 -186]
[0 0 2 0 0 0 0 0 -4 0 -1 -396]
[0 0 0 1 0 0 0 0 1 0 1 128]
[0 0 0 0 2 0 0 0 2 0 1 236]
[0 0 0 0 0 2 0 0 6 0 5 688]
[0 0 0 0 0 0 2 0 2 0 1 246]
[0 0 0 0 0 0 0 1 -1 0 0 -90]
[0 0 0 0 0 0 0 0 0 1 -1 2]
----------------------------------------

.##.....# 9: {45,18,43,36,36,56,36,20,44} 8: [[5 6 7] [0 2 3 4 5 6 8] [2 5] [1 2] [0 1 2 3 4 6 8] [0 5 8] [0 1 3 4 5] [0 3 4 5 6 7 8]]
====== original =====
[0 1 0 0 1 1 1 1 45]
[0 0 0 1 1 0 1 0 18]
[0 1 1 1 1 0 0 0 43]
[0 1 0 0 1 0 1 1 36]
[0 1 0 0 1 0 1 1 36]
[1 1 1 0 0 1 1 1 56]
[1 1 0 0 1 0 0 1 36]
[1 0 0 0 0 0 0 1 20]
[0 1 0 0 1 1 0 1 44]
====== rref =====
[1 0 0 0 0 0 0 0 1]
[0 1 0 0 1 0 0 0 16]
[0 0 1 0 -1 0 0 0 10]
[0 0 0 1 1 0 0 0 17]
[0 0 0 0 0 1 0 0 9]
[0 0 0 0 0 0 1 0 1]
[0 0 0 0 0 0 0 1 19]
[0 0 0 0 0 0 0 0 0]
[0 0 0 0 0 0 0 0 0]
----------------------------------------

####...### 10: {40,199,257,197,48,33,178,226,57,14} 11: [[2 7 8] [0 1 2 3 5 8] [0 2 3 5 7 8] [0 1 2 3 5 6 8] [1 2 3 5 7 8] [2 4 7] [0 2 4 5 7 8] [0 2 3] [0 1 2 4 6 7 8] [1 2 3 6 7] [2 4 9]]
====== original =====
[0 1 1 1 0 0 1 1 1 0 0 40]
[0 1 0 1 1 0 0 0 1 1 0 199]
[1 1 1 1 1 1 1 1 1 1 1 257]
[0 1 1 1 1 0 0 1 0 1 0 197]
[0 0 0 0 0 1 1 0 1 0 1 48]
[0 1 1 1 1 0 1 0 0 0 0 33]
[0 0 0 1 0 0 0 0 1 1 0 178]
[1 0 1 0 1 1 1 0 1 1 0 226]
[1 1 1 1 1 0 1 0 1 0 0 57]
[0 0 0 0 0 0 0 0 0 0 1 14]
====== rref =====
[1 0 0 0 0 0 0 0 0 0 0 12]
[0 1 0 0 0 0 0 1 0 0 0 16]
[0 0 1 0 0 0 0 1 0 0 0 10]
[0 0 0 1 0 0 0 0 0 0 0 1]
[0 0 0 0 1 0 0 -1 0 0 0 5]
[0 0 0 0 0 1 0 1 0 0 0 21]
[0 0 0 0 0 0 1 -1 0 0 0 1]
[0 0 0 0 0 0 0 0 1 0 0 12]
[0 0 0 0 0 0 0 0 0 1 0 165]
[0 0 0 0 0 0 0 0 0 0 1 14]
----------------------------------------

###.. 5: {197,54,186,174,154} 7: [[0 3 4] [3 4] [0 2 3 4] [1 2] [0 1 2 3] [0 1 2] [0]]
====== original =====
[1 0 1 0 1 1 1 197]
[0 0 0 1 1 1 0 54]
[0 0 1 1 1 1 0 186]
[1 1 1 0 1 0 0 174]
[1 1 1 0 0 0 0 154]
====== rref =====
[1 0 0 0 0 1 1 45]
[0 1 0 0 0 -1 -1 -23]
[0 0 1 0 0 0 0 132]
[0 0 0 1 0 1 0 34]
[0 0 0 0 1 0 0 20]
----------------------------------------

..#.. 5: {63,35,32,49,36} 6: [[0 2] [0 3] [3 4] [0 1 3 4] [0 1 2] [1 2 4]]
====== original =====
[1 1 0 1 1 0 63]
[0 0 0 1 1 1 35]
[1 0 0 0 1 1 32]
[0 1 1 1 0 0 49]
[0 0 1 1 0 1 36]
====== rref =====
[1 0 0 0 0 0 15]
[0 1 0 0 0 -1 13]
[0 0 1 0 0 1 18]
[0 0 0 1 0 0 18]
[0 0 0 0 1 1 17]
----------------------------------------